"ADRM1"	"AP2B1"	"ARL2"	"BCL2L2"	"BIK"	"BNIP3"	"BNIP3L"	"BRMS1"	"BTG1"	"CCL14"	"CCND2"	"CCND3"	"CDK4"	"CDK6"	"CDKN1A"	"CDKN2D"	"CEP55"	"CNOT7"	"CTBP1"	"DAPK1"	"DDX39A"	"DMRTB1"	"EIF4EBP2"	"EXOSC1"	"EXOSC5"	"FHL3"	"GAA"	"IGF2"	"IKZF1"	"IKZF5"	"KLF3"	"LSM2"	"LSM3"	"MME"	"MORF4L1"	"MRFAP1"	"MRFAP1L1"	"MTA1"	"NMI"	"OR10AG1"	"PCNA"	"PIAS1"	"PLEKHG7"	"PPID"	"PSMC1"	"PSMC2"	"PSMD2"	"PSMD5"	"QKI"	"RBBP4"	"RBBP8"	"RBFOX2"	"RBPMS"	"REEP2"	"RING1"	"RYBP"	"S100A1"	"S100B"	"S100P"	"SARNP"	"SH3GLB1"	"SH3GLB2"	"SNX32"	"STMN2"	"STX4"	"SUPT4H1"	"SUPT5H"	"TEX11"	"TOPBP1"	"TSG101"	"UBE2I"	"UCHL5"	"VAMP2"	"VAMP3"	"WDR7"	"lam"	"largeT"	"p53"
"ADRM1"	0	0	0	0	0	0	0	0	0	0	0	0	0	0	0	0	0	0	0	0	0	0	0	0	0	0	0	0	0	0	0	0	0	0	0	0	0	0	0	0	0	0	0	0	0	0	0	0	0	0	0	0	0	0	0	0	0	0	0	0	0.427701165841114	0	0	0	0	0	0	0.507428078589413	0	0	0	0.366454039139319	0	0	0	0	0	0
"AP2B1"	0	0	0	0	0	0	0	0	0	0	0	0	0	0	0	0	0	0	0	0	0	0	0	0	0	0	0	0	0	0	0	0.283135648014896	0	0	0	0	0	0	0	0	0	0	0	0	0	0.161502928433663	0	0	0	0	0	0	0	0	0	0	0	1.86801896105588	0	0	0	0	0	0	0	0	0	0	0	0.226400574629353	0	0	0	0	0	0	0	0
"ARL2"	0	0	0	0	0	0	0	0	0	0	0	0	0	0	0	0	0	0	0	0	0	0	0	0	0	0	0	0	0	0	0	0	0	0	0	0	0	0	0	0	0	0	0	0	0	0	0	0	0	0	0	0	0.217397920350396	0	0	0	0	0	0	0	0	0	0	0	0	0	0	0	0	0	0	0	0	0	0	0	0	0
"BCL2L2"	0	0	0	0	4.94420956789259	4.43418070995055	0.217018001799597	0	0	0	0.254118913089447	0	0	0	0	0	0	0.0300955832444714	0	0	0	0	0	0	0	0	0	0	0.0128333779313579	0	0	0	0	0	0	0	0	0	0	0	0	0	0	0	0	0	0	0	0	0	0	0	0.0208383940575692	0	0	0	0	0	0	0	0.0320233239981029	0	0	0	0	0	0	0.951728236948085	0	0	0	0	0	0	0	0	0	0
"BIK"	0	0	0	0.28445304641185	0	0.160836454709668	0	0	0	0	0	0	0	0	0	0	0	0	0	0	0	0.158276547352512	0	0	0	0	0	0	0	0	0	0	0	0	0	0	0	0	0.525273600076877	0	0	0	0	0	0	0	0	0	0.246157527396984	0	0	0	0	0	0	0	0	0	0	0	0	0	0	0	0	0	0	0	0	0	0	0	0	0	0	0	0	0
"BNIP3"	0	0	0	0	0	0	2.52197338526012	0	0	0	0	0	0	0	0	0	0	0	0	0	0	0	0	0	0	0	0	0	0	0	0	0	0	0	0	0	0	0	0	0	0	0	0	0	0	0	0	0	0	0	0	0	0	0	0	0	0	0	0.0285534350822906	0	0	0	0	0	0	0	0	0	0	0	0	0	0	0	0	0	0	0
"BNIP3L"	0	0	0	0	0	4.02134334077208	0	0	0	0.125992260556638	0	0	0	0	0	0	0	0	0	0	0	0	0	0	0	0	0	0	0	0	0	0	0	0	0.133087613822653	0	0	0	0.335790509003662	0	0	0	0	0	0	0	0	0	0	0	0	0	0	0	0	0	0	0	0	0	0	0	0	0	0	0	0	0.997335117632465	0	0	0	0	0	0	0	0	0	0
"BRMS1"	0	0	0	0	0	0	0	0	0	0	0	0	0	0	0	0	0	0	0	0	0	0	0	0	0	0	0	0	0	0	0	0	0	0	0	0	0	0	3.76381283597351	0	0	0	0	0	0	0	0	0	0	0	0	0	0	0	0	0	0	0	0	0	0	0	0	0	0	0	0	0	0	0	0	0	0	0	0	0	0	0
"BTG1"	0	0	0	0.0426150887386227	0	0	0	0	0	0	0	0	0.711336475983773	0	0	0	0.208415302616728	5.17387538261133	0	0	0	0	0	0.264826537199247	0	0.143210703831144	0	0	0	0	0	0	0	0	0	0	0	0	0.460092880624423	0	0	0	0	0	0	0	0	0	0	0	0	0	0	0	0	0	0	0	0	0	0	0.596472897242751	0	0	0	0	0	1.57564486784723	0	0	0	0	0	0	0	0	0	0
"CCL14"	0	0	0	0	0	0	0	0	0	0	0	0	0	0	0	0	0	0	0	0	0.0999176960477116	0	0	0	0	0	0	0	0	0	0	0	0	0	0	0	0.524983071433159	0	0.407878705144769	0	0	0	0	0	0	0	0	0	0	0	0	0	0	0	0	0	0	0	0	0	0	0	0	0	0	0	0	0	0	0	0.1214293697461	0	0	0	0	0	0	0
"CCND2"	0	0	0	0	0	0	0	0	0	0.0244444276979176	0	0	4.94144674581215	3.65643885055881	4.58175659391331	0	0.360687330947499	0.101262008873853	0	0	0	0	0	0	0	0.100233538697883	0	0	0	0	0	0	0	0	0	0	0	0	0	0	0	0	0	0	0	0	0	0	0	0	0	0	0	0	0	0	0	0	0	0	0	0	0	0	0	0	0	2.97803244541124	0	1.29117217098753	0	0	0	0	0	0	0	0
"CCND3"	0	0	0	0	0	0	0	0.574501727843616	0	0	0	0	5.0379115655463	4.95907178382883	4.54152063516646	0	0	0	0	0	0	0.921043252523085	0	0	0	3.15814164436113	0	0	0	0	0	0	1.25223826949273	0	0	0	0	0	0	0	0	0.383516322561995	0	0	0	0.12812000960374	0	0	2.22422657936552	0	0	0	0	0	0	0	0	0	0	0	0.0209631657069608	2.25040285395998	0	0	0	0	0	2.81807033374162	0.414184562219955	2.14395539055179	0	0	0	0	0	0	0	0
"CDK4"	0	0	0	0	0	0	0	0	0	0	4.59489841879566	5.12467055329576	0	0	0	0	0	0	0	0	0	0.753863566460112	0	0	0	1.53546058502853	0	0	0	0	0	0	0	0	0	0	0	0	0.0394820261159093	0	0	0	0	0	0	0	0	0	0.448117936885043	0	0	0	0.367628427794464	0.147554491725801	0	0	0	0	0	0	0	0	0	0	0	0	0	0	0	0	0	0	0	0	0	0	0	0
"CDK6"	0	0	0	0	0	0	0	0	0	0	3.30274729782613	5.16556312803174	0	0	0	0	0	0	0	0.105612084693295	0	0	0	0	0	0	0	0	0	0	0	0	0	0	0	0	0	0	0	0	0	0	0	0	0	0	0	0	0	0	0	0	0.221463178606126	0	0	0	0.157184252934987	0	0	0	0	0.399027507808546	0	0	0	0	0	0	0	0	0	0	0	0	0	0	0.0542102392250627	0
"CDKN1A"	0	0	0	0	0	0	0	0	0	0	5.47038892274334	4.65718577535985	0	0	0	0	0	0	0	0	0	0	0	0	0	2.23643343067716	0	0	0	0	0	0	0	0	0	0	0	0	0.028371948322988	0	0.347020639050205	0	0	0	0	0	0	0	0	0	0	0	0	0	0	0	0	0	0	0	0	0	0	0	0	0	0	5.50237101874404	0	0.267755154563025	0	0	0	0	0	0	0	0
"CDKN2D"	0	0	0	0	0	0	0	0	0	0	0	0	0	0	0	0	0	0	0	0	0	2.2573120329047	0	0	0	3.85758014750474	0	0	0	0	0.146202265354982	0	2.49512006894139	0	0	0	0	0	0.629244286760849	0	0	0.354717910242968	0	0	0	0	0	0	2.91158018217135	0	0	0	0	0	0	0	0	0	0	0	0.115567708070097	2.14149054362721	0	0	0	0	0	2.42618840072628	0	2.80073631616928	0	0	0	0	0	0	0	0
"CEP55"	0	0	0	0	0	0	0	0	0	0	0	0	0	0	0	0	0	0	0	0	0	0	0	0	0	0	0	0	0	0	0	0	0	0	0	0	0	0	0	0	0	0	0	0	0	0.152559998700409	0	0	0	0	0	0	0	0	0	0	0	0	0	0	0.37268044123135	0	0	0	0	0	0	2.21078348632247	0	6.19537139739957	0.654866354534233	0	0	0	0	0	0	0
"CNOT7"	0	0	1.23137610842669	0	0.141184846824872	0.0317877686371025	0	4.00788434544857	3.12287434378576	0.183196846512195	0.560909382196507	1.5272212471865	4.28858300886726	1.31117040065613	1.11975445281467	2.23387328512008	2.29666732464054	0	0	0.319853868579091	0	0.301296689634107	2.86957475346381	0.745423495653597	1.7370431123394	5.98087566738848	0	0	0.443295449001895	0	0.510445532164367	2.32741828078533	4.89697255602779	0	0.841589488558614	4.59871840074355	4.50848609191968	0	3.78068848863892	0.547286570923476	0	5.61452784105194	0	0	5.05712785634897	3.98968011089544	0.390130545626521	0	0.043732748948965	3.61795196552602	0	0	0	0.372104835191518	2.36813006992244	3.21391833866674	0	0	0	0.0209744721197811	1.57634785861474	5.10256310286932	2.80281053618583	2.23807175814823	0	0	0.0215950689342536	5.23624445055236	0.0552513459317314	4.95702228085898	0	0.130161985284233	0	0	0	2.70560753904642	0.625096149390082	0
"CTBP1"	0	0	0	0	0	0	0	0	0	0	0	0	0	0	0	0	0	0	0	0	0	0	0	0	0	0	0	0	0	0	0	0	0	0	0	0	0	0	0	0	0	0	0	0	0	0	0	0	0	0	0	0	0	0	0	0	0	0	0	0	0	0	0	0	0	0	0	0	0	0	0	0	0	0	0	0	0	0
"DAPK1"	0	0	0	0	0	0	0	0	0	0	0	0	0	0	0	0	0	0	0	0	0.275740439790691	0	0	0.0337479425053722	0	0	0	0	0	0	0	0	0.163736860655651	0	0	0	0	0	0.231030150394172	0	0	0	0	0	0	0.196754897133352	0	0	0	0	0	0	0	0	0	0	0	0	0	0	0	0	0	0	0	0	0	0	0	0	0	0	0	0	0	0	0	0
"DDX39A"	0	0	0	0	0	0	0	0	0	0	0	0	0	0	0	0	0	0	0	0	0	0	0	0	0	0	0	0	0	0	0	0	0	0	0	0	0	0	0	0	0	0	0	0	0	0	0	0	0	0	0	0	0	0	0	0	0	0	0	0.883648812796106	0	0	0	0	0	0	0	0.974070347082116	0	0	1.47559461520731	0	0	0	0	0	0	0
"DMRTB1"	0.329952616215684	0	0	0	0	0	0	0	0	0	0	0	0	0	0	0	0	0.2291932633042	0	0	0	0	0	0	0	0	0	0	0	0	0	0	0	0	0	0	0	0	0	0	0	0	0	0	0	0	0	0	3.1969442674209	0	0	2.94375600375522	3.1487979980895	0	0	0	0	0	0.0730807046684653	0	0.47183520771248	0	0	0	0	0	0	0	0	0.0889164813459838	0	0	0	0	0	0	0	0
"EIF4EBP2"	0	0	0	0	0	0	0	0	0	0	0	0	2.28224834102805	0	0	0	0	0	0	0	0	0.164885779173559	0	0	0	4.86571779558338	0	0	0	0	0	0	4.461788330792	0	0	0	0	0	0	0	0	0	0	0	0	0	0	0	0	0	0	0	0	0	0	0	0	0	0	0	0	0	0	0	0	0	0	2.20001890624379	0	0	0	0	0	0	0	0	0	0
"EXOSC1"	0	0	0	0	0	0	0	0	0	0	0	0	0.832455192523737	0	0	0	0	0	0	0	0	2.47052371979905	0.249648934744567	0	4.73087862292513	4.83353618762577	0	0	0	0	0	0	0.828172015158615	0	0	0	0	0	0	0	0	0	0	0	0	0	0	0	0	0	0	0.0220893062796722	1.37640139116878	0	0	0	0	0	0	0	0.569760413549418	0.322253862110071	0	0	0	0	0	1.66078481603628	0	0.427647983331917	0.26999617609215	0	0	0	0	0	0	0
"EXOSC5"	0	0	0	0	0	0	0	0	0	0	0	0	0.695586845369687	0	0	0	1.61406238764162	0	0	0	0.0129133044775586	2.30429101748087	0	3.0663957590465	0	4.83538460478446	0	0	0	0	0	0	1.14187595488956	0	0	0	0	0	1.56423554487707	0	0	0	0	0	0.335842294501665	0	0	0	0.0325859691953425	0	0	0	0.124494520185096	0	0	0	0	0	0	0	1.19538782735	4.19702860537988	0	0	0	0	0	3.98459559475718	0	0.323923296080973	0	0	0	0	0	0	0	0
"FHL3"	0	0	0	0	0	0	0	0	0	0	0	0	0	0	0	0	0	0	0	0	0	0	0	0	0	0	0	0	0	0	0	0	0	0	0	0	0	0	0	0	0	0	0	0	0	0	0	0	0	0	0	0	0	0	0	0	0	0	0	0	0	0	0	0	0	0	0	0	0	0	0	0	0	0	0	0	0	0
"GAA"	0	0	0	0	0	0	0	0	0	0	0	0	0	0	0	0	0	0.100187457527852	0	0	0	0	0	0	0	0	0	0	0	0	0	0	0	0	0	0	0	0	0.239144718132331	0	0	0	0	0	0.021580383007542	0	0	0	0.13086197718871	0	0	0	0	0	0	0	0	0	0	0	0	0	0	0	0	0	0	0.114387520983172	0	0	0	0	0	0	0	0	0	0
"IGF2"	0	0	0	0	0	0	0	0	0	0	0	0	0	0	0	0	0	0	0	0	0	0	0	0	0	0	0	0	0	0	0.0742123928964672	0	0	0	0	0	0	0	0	0	0	0	0	0	0	0	0	0	0	0	0	0	0	0	0	0	0	0	0	0	0	0.119092675038013	0	0	0	0	0	0	0	0	0	0	0	0	0	0	0	0
"IKZF1"	0	0	0	0	0	0	0.00429260073904536	0	0	0	0	0	0.0271246307875893	0	0	0	0.821781016276286	0	0	0	0.0728234419729842	0	0	0	0	0	0	0	0	0	0	0	0	0	0	0	0	0	0	0	0	0.0284660644378991	0	0	0	0	0	0	0	0	0	0	0	0	0	0	0	0	0	0	0	0	0	0	0	0	0	0	0	0	2.3445447756474	0	0	0	0	0	0	0
"IKZF5"	0	0	0	0	0	0	0	0	0	0	0	0	0	0	0	0	0	0	0	0	0	0	0	0	0	0.454345601704589	0	0	1.66844203535726	0	0	0	0	0	0	0	0	0	0	0	0.0122866715222175	1.12489659013144	0	0	0	0	0	0	0	0	0	0	0	0	0	0	0	0	0	0	0	0	0	0	0	0	0	0.149574899108535	0	0	1.84631484306491	0	0	0	0	0	0	0
"KLF3"	0	0	0	0	0	0	0	0	0	0	0	0	0	0	0	0	0	0	0.763640924708019	0	0	0	0	0	0	3.23569092916525	0	0	0	0	0	0	0.525832199034327	0	0	0	0	0	0	0	0	0.336845955545464	0	0	0	0	0	0	0.328949818605253	0	0	0	1.14887873945096	0	0	0	0	0	0	0	0.754874651632507	0.0505776549187679	0	0	0	0	0.288674055333389	0.480222806321456	0	0	1.43061335756527	0	0	0	0	0	0	0
"LSM2"	0	0	0	0	0	0	0	0	0	0	0	0	0	0	0	0	0	0	0	0	0	0	0	0	0	0	0	0	0	0	0	0	0.0807093032041982	0	0	0	0	0	0	0	0	0	0	0	0	0	0	0	0	0	0	0	0	0	0	0	0	0	0	0	0	0	0	0	0	0	0	0	0	0	0	0	0	0	0	0	0	0
"LSM3"	0	0	0	0	0	0	0.0475980555616816	0	0	0	0	0	0.346903391727582	0	0	0	0	0	0	0	0	0	0	0	0	1.05015808172244	0	0	0	0	0	0.465491512090875	0	0	0	0	0	0	0.36770019199223	0	0	0	0	0	0	0	0	0.199827349173434	0.699309660599952	0	0	0.603276556518695	0.106297176168495	0	0	0	0.571948026046305	0	0	0	0	0	0	0	0.400635073313544	0	0	0.770095864914739	0	0	0	0	0	0	0	0	0	0
"MME"	0	0	0	0	0	0	0	0	0	0	0	0	0	0	0	0	0	0	0	0	0	0	0	0	0	0.915278044707585	0	0	0	0	0	0	0	0	0	0	0	0	0	0	0	0	0	0	0	0	0	0	0.250833654681588	0	0	0	0	0	0	0	0	0	0	0	0	0	0	0	0	0	0.515489741644778	0.524592568005305	0	0	0	0	0	0	0	0	0	0
"MORF4L1"	0	0	0	0	0	0	0	0	0	0	0	0	0	0	0	0	0	0	0	0	0	0	0	0.0414872503057836	0	4.05395294096975	0	0	0	0	0	0	0.0361246358245269	0	0	0.370661513461021	2.77929728515918	0	0.95346127714132	0	0	0	0	0	0	0	0	0	0.760382168304214	0	0	0	0	0	0	0	0	0	0	0	0.340963228881936	4.67964915090437	0	0	0	0	0.687827662260656	5.61280678521524	0	0	0	0.112766118726424	0	0	0	0	0	0
"MRFAP1"	0	0	0	0	0	0	0	0	0	0	0	0	0	0	0	0	0	0	0	0	0	0	0	0	0	0	0	0	0	0	0	0	0	0	0	0	0	0	0.177474883309633	0	0	0	0	0	0	0	0	0	0.498295584983208	0	0	0	0	0.186927494072906	0	0	0	0	0	0	0.101797695395085	0.415603603933624	0	0	0	0	0	5.96940014432965	0	0	0	0	0	0	0	0	0	0
"MRFAP1L1"	0	0	0	0	0.750327251365528	0	0	0	0	0	0	0	0	0.200633524309247	0	0	0	0	0	0	0	0	0	0	0	0	0	0	0.250935568863011	0	0	0	0	0	3.12253530611754	0	0	0	0	0	0	0	0	0	0	0	0	0	0	0	0	0	0	0	0	0	0	0	0	0	0	0	0	0	0	0	0	5.48029951306783	0	0	0	0	0	0	0	0	0	0
"MTA1"	0	0	0	0	0	0	0	0	0	0	0	0	0	0	0	0	0	0	0	0	0	0	0	0	0	1.75030447643162	0	0	0	0	0	0	0	0	0	0	0	0	0	0	0	0	0	0	0	0	0	0	0	0	0	0.00852662609971213	0	0	0	0	0	0	0	0	0	0.0364293057311848	0	0	0	0	0	1.72991237925521	0	0	0	0	0	0	0	0	0	0
"NMI"	0	0	0	0	0	0	0	5.11515659296359	0	0	0	0	0	0	0	0	0	0	0	0	0.082610935709564	0	0	0	0	0	0	0	0	0	0	0	0	0	0	0	0	0	0	0	0	0	0	0.100377215253984	0	0	0	0	0	0	0	0	0.331405251467124	0	0	1.36473991167847	0	0	0	0	0.12987029302773	0	0	0	0	0	0	0.815517119124891	0	0	1.0222997780706	0	0	0	0	0	0	0
"OR10AG1"	0.073129419505709	0	0.137655780332047	0	0	0	0	0	0	0	0	0	0	0	0	0	0	0	0	0	0.0422350550003323	0	0	0	0	0	0	0	0	0	0.215019480405761	0	0	0	0	0	0	0	0	0	0	0	0	0	0	0	0	0	0.135552262167668	0.0782377756908349	0	0	0	0	0	0	0	0	0	0	0	0.0282647040480103	0	0	0	0	0	0	0	0.530049886112959	0	0	0	0	0	0	0.425598768306545	0
"PCNA"	0	0	0	0	0	0	0	0	0	0	0	0	0	0	1.25587975635497	0	0	0	0	0	0	0	0	0	0.249743184532879	0	0	0	0	0	0	0	0	0	0	0	0	0	0	0	0	0	0	0	0	0	0	0	0	0	0	0	0	0	0	0	0	0	0	0	0	0	0	0	0	0	0	0	0	0	0.911838520865757	0	0	0	0	0	0	0
"PIAS1"	0	0	0	0	0	0	0	0.21090700878315	0	0	0	0	2.15603190896141	0	0	0.0101151231290009	0	0	0	0	0	0.0425403043668512	0	0	0	4.88492009428919	0	0	0	0	0.045207421998029	0	3.85811320851456	0	0	0.875167476177697	0	0	0.0240009250386845	0	0	0	0	0	1.81933045651489	0	0.0638398383654025	0	1.56646609341119	0	0	0	0	0	0.281948758637396	0	0	0	0	0	0	0	0	0.393298859713147	0	0	0	5.19186098974952	0	2.14302949942628	1.50235761449965	0	0	0	0	0	0	0
"PLEKHG7"	0	0	0	0	0	0	0	0	0	0	0	0	0	0	0	0	0	0	0	0	0	0	0	0	0	0	0	0	0	0	0	0	0	0	0	0	0	0	0	0	0	0	0	0	0	0	0	0	0	0	0	0	0	0	0	0	0	0	0	0	0	0	0	0	0	0	0	0	0	0	0	0	0	0	0	0	0	0
"PPID"	0	0	0	0	0	0	0	0	0	0	0	0	0	0	0	0	0	0	0	0	0	0	0	0	0	0	0	0	0	0	0	0	0	0	0	0	0	0	0	0	0	0	0	0	0.0613866753568217	0	0	0	0	0	0	0	0.134885262130335	0	0	0	0	0	0	0	0	0	0	0	0	0	0	0	0	0	0	0	0	0	0	0	0	0
"PSMC1"	0	0	0	0	0	0	0	0	0	0	0	0	0	0	0	0	0	0	0	0	0	0	0	0.0345730252121811	0	0	0	0	0	0	0	0	0	0	0	0	0	0	0	0	0	0	0	0	0	0	0	0	0	0	0	0	0	0	0	0	0	0	0	0	0.654398227170816	0	0	0	0	0	0	0	0	0	0	0	0	0	0	0	0	0
"PSMC2"	0	0	0	0	0	0	0	0	0	0	0	0	0	0	0	0	0	0	0	0	0	0	0	0	0	0.341500696463485	0	0	0	0	0	0	0	0.109620954921818	0	0	0	0	0	0	0	0	0	0	1.42140400378144	0	0	3.41560564238107	0	0	0	0	0	0	0	0	0	0	0	0	0	0	0	0	0	0	0	1.7365941881343	0	0.456801807194135	0	0	0	0	0	0	0	0
"PSMD2"	0	0	0	0	0	0	0	0	0	0	0	0	0	0	0	0	0	0	0	0	0	0	0	0	0	0	0	0	0	0	0	0	0	0	0	0	0	0	0	0	0	0	0	0	2.85017770927176	0	0	0	0	0.242340908903271	0	0	0	0	0	0	0	0	0	0	0	0.587319554605295	0	0	0	0	0	0	0	0	0	0	0	0	0	0	0	0
"PSMD5"	0	0	0	0	0	0	0	0	0	0	0	0	0	0	0	0	0	0	0	0	0	0	0	0.454175285411865	0	0.376863220949932	0	0	0	0	0.140971124907053	0	0	0	0	0	0	0	0	0	0	0	0	0	1.3079066517164	1.64135222760641	0	0	0	0	0	0	0	0	0	0	0	0	0	0	0	0	0	0	0	0	0	0	0	0	0	0	0	0	0	0	0	0
"QKI"	0	0	0	0	0	0	0	0	0	0	0	0	0	0	0	0	0	0	0.113841125845131	0	0	2.53489956804125	0	0	0	3.14756131780644	0	0	0	0	0	0	1.81018016065345	0	0	0	0	0	0	0	0	0	0	0	0	0	0	0	0	0	0	1.09204032658105	1.37589366850226	0	0	0	0	0	0	0	0	0	0	0	0	0	0	4.1003855705397	0	0	0	0	0	0	0	0	1.02019506796939	0
"RBBP4"	0	0	0	0	0	0	0	0	0	0	0	0	0.0204046734194814	0	0	0	0	0	0	0	0	0	0	0	0	0	0	0	0	0	0	0	0	0	0	0	0	0	0	0	0	0	0	0	0	0	0	0	0	0	0	0	0	0	0	0.358935529529222	0	0.266079954513551	0	0	0	0	0	0	0	0	0	0	0	0	0	0	0	0	0	0	0	0
"RBBP8"	0	0	0	0	0	0	0	0	0	0	0	0	0	0	0	0	0	0	0	0	0	0	0	0	0	0	0	0	0	0	0	0	0	0	0	0	0	0	0	0	0	0	0	0	0	0	0	0	0	0	0	0	0	0	0	0	0	0	0	0	0	0	0	0	0	0	0	0	0	0	0	0	0	0	0	0	0	0
"RBFOX2"	0	0	0	0	0	0	0	0	0	0	0	0	0.110367559618677	0	0	0	0	0	0	0	0.209269561973528	2.27852003685815	0	0	0	1.10751780875064	0	0	0	0	0	0	0	0	0	0	0	0	0	0	0	0.0445211219423305	0	0	0	0	0	0	4.37229562537942	0	0	0	1.49104872476441	0	0	0	0	0	0	0	0	0	0	0	0	0	0	0.926907514335922	0	0	0	0	0	0	0	0	0	0
"RBPMS"	0	0	0	0	0	0	0	0	0	0.103564536797462	0	0.220262545194514	0	0	0	0	0	0	0	0	0	3.45626895343403	0	0	0	0	0	0	0	0	0	0	0	0	0	0	0	0	0	0	0	0	0	0	0	0	0	0	4.98232047256675	0	0	2.85836668724264	0	0	0	0	0	0	0	0	0.0654284354174708	0	0	0	0	0	0	0	0	0	0	0	0	0	0	0	0	0
"REEP2"	0	0	0	0	0	0	0	0	0	0	0	0	0	0	0	0	0	0	0	0	0	0	0	0	0	0	0	0	0	0	0	0	0	0	0	0	0	0	0	0	0	0	0	0	0	0	0	0	0.0687217635545294	0	0	0	0	0	0	0	0	0	0	0	0	0	0	0	0	0	0	0.201842907803209	0	0	0	0	0	0	0	0	0	0
"RING1"	0	0	0	0	0	0	0	0	0	0	0	0	0	0	0	0	0	0.38166624977667	0	0	0.56093397020963	0	0	0	0	0	0	0	0	0	0	0	0	0	0	0	0	0	0	0	0	0	0	0	0	0	0	0	0	0	0	0	0	0	0	0	0	0	0	0	0	0	0	0	0	0	0	0	0	0	0	0	0	0	0	0	0	0
"RYBP"	0	0	0	0	0	0	0	0	0	0	0	0	0	0	0	0	0	0	0	0	0	0	0	0	0	3.34923272586322	0	0	0.111103657668018	0	0	0	0	0	0	0	0	0	0.279613109426384	0	0	0	0	0	0	0	0	0	0.0127107413995218	0	0	0	0.117973013826354	0	0.899135739571275	0	0	0	0	0	0	0	0	0	0	0	0	0.263308904182711	0	0	0	0	0	0	0	0	0	0
"S100A1"	0	0	0	0	0	0	0	0	0	0	0	0	0	0	0	0	0	0	0	0	0	0	0	0	0	0	0	0	0	0	0	0	0	0	0	0	0	0	0.807830433980506	0	0	0	0	0	0	0	0	0	0	0	0	0.163257436025937	0	0	0	0	0	0	0	0	0	0	0	0	0	0	0	0.0926706144544956	0	0	0	0	0	0	0	0	0	0
"S100B"	0	0	0	0	0	0	0	0	0	0	0	0	0	0	0	0	0	0	0	0	0	0	0	0	0	0	0	0	0	0	0	0	0	0	0	0	0	0	0	0	0	0	0	0	0	0	0	0	0	0	0	0	0.258972700713172	0	0	0	0	0	0	0	0	0	0	0	0	0	0	0	0	0	0	0	0	0	0	0	0	0
"S100P"	0	0	0	0.467344405519816	0	0	0	0	0	0	0	0	0	0	0	0	0	0	0	0	0	0	0	0	0	0	0	0	0	0	0	0	0	0	0	0	0	0	0	0	0	0	0	0	0	0	0	0	0.236496995846275	0	0	0.0609302531245518	0.0927161082273236	0	0	0	0	0	0	0	0	0	0	0	0	0	0	0	0	0	0	0	0	0	0	0	0	0
"SARNP"	0	0	0	0	0	0	0	0	0	0	0	0	0	0	0	0	0	0	0	0	4.02526328529602	0	0	0	0	0	0	0	0	0	0	0	0	0	0	0	0	0	0.0397570502519052	0	0	0	0	0	0	0	0	0	0.357854387085243	0	0	0	0	0	0	0	0	0	0	0	0.133138257010052	0	0	0	0	0	0	0.116245018059934	0	0	0	0	0	0	0	0	0	0
"SH3GLB1"	0	0	0	0	0	0	0	0	0	0	0	0	0.429085874837	0	0	0	0	0.117169291348551	0	0	0	0	0	0	0.0526952627260635	0	0	0	0	0	0	0	0.142660263953067	0	0	0	0	0	0	0	0	0	0	0	0	0	0	0	0	0	0	0	0	0	0	0	0	0	0	0	0	6.28559067397135	0	0	0	0	0	1.08684982713418	0	0	0.0427207987872995	0	0	0	0	0	0	0
"SH3GLB2"	0	0	0	0	0	0	0	0	0	0	0	0	0.754841049057493	0	0	0	0	0	0	0	0	0	0	0	0	4.5770174173216	0	0	0	0	0	0	2.90306732062104	0	0	0	0	0	3.25036749464903	0	0	1.20887069222504	0	0	0	0	0	0	0	0	0	0	0	0	0	0	0	0	0	0	4.74406230246042	0	0	0	0	0	0	4.90265232806646	0	1.78217500794647	0	0	0	0	0	0	0	0
"SNX32"	0	0	0	0	0	0	0	0	0	0	0	0	0	0	0	0	0	0	0	0	0	0	0	0	0	0	0	0	0	0	0	0	0	0	0	0	0	0	0	0	0	0	0	0	0	0	0	0	0	0	0	0.102714113672092	0	0	0	0	0	0	0	0	0.232673064876115	0	0	0	0	0	0	5.56479214495501	0	3.63732804947794	0	0	0	0	0	0	0	0
"STMN2"	0	0	0	0	0	0	0	0	0	0	0	0	0	0	0	0	0	0	0	0	0	0	0	0	0	0	0	0	0	0	0.0964811318558063	0	0	0	0	0	0	0	0.619775542422365	0	0	0	0	0	0.238749108084756	0.34311817048034	0	0	0	0	0	0	0	0	0	0	0	0	0	0	0	0	0	0	0	0	0	5.66321313914791	0	0.534179686794067	0	0	0	0	0	0	0	0
"STX4"	0	0	0	0	0	0	0	0	0	0	0	0	0	0	0	0	0	0	0	0	0.538607136260337	0	0	0	0.641662040704616	0	0	0	0.852849149008389	0	0	0	0.407562086321126	0	0	0	0.305622399589409	0	0.0101341686144163	0	0	0	0	0	0.103687635600039	0	0	0	0	0	0	0.348061096485236	1.22425982063396	0	0	0	0	0	0	0	0	1.18383362758772	0	0	0	0	0	1.51554114933488	0	0	0.784153006923382	0	0	0	0	0	0	0
"SUPT4H1"	0	0	0	0	0	0	0	0	0	0	0	0	0	0	0	0	0	0	0	0	0	0	0.244074692136987	0	0	0	0	0	0	0	0	0	0.169146321306335	0	0	0	0	0	0	0	0	0	0	0	0	0	0	0	0	0	0	0	0	0	0	0	0	0	0	0	0	0	0	0	0	0	1.23885874304099	0.816068125836776	0	0	0	0	0	0	0	0	0	0
"SUPT5H"	0	0	0	0	0	0	0	0	0.828000295257535	0	0	0	0	0	0	0	0	0	0	0	0.00531490539353756	0	0	0.13850038327879	0	2.74423268026703	0	0	0	0	0	0.273355336400504	0	0	0	0	0	0	0	0	0	0	0	0	0	0	0	0	0	0	0	0	0	0	0	0	0	0	0	0	0	0	0	0	0	1.37900178527971	0	2.41278647260289	0	0	0	0	0	0	0	0	0	0
"TEX11"	1.47592810958038	0	0	0	0	0	0	0.661260265322481	0	0	0	0	0	0	0	0.38376445773433	0	0	0	0	0	0	0	0	0.152774775191403	0.945154494183348	0	0	0	0	0	0.803689721330829	0.50280552209646	0	0	0	0	0.798207831879712	0	0	0	0	0	0	0	0	0	0	0	0	0	0	0	0	0	0	0	0	0	0	0	0	0	0	0	0	0	0.137185546748261	0	0.906554088539644	0	0	0	0	0	0	0	0
"TOPBP1"	0	0	0	0	0	0	0	0	0	0	0	0	0	0	0	0	0	0	0	0	0	0	0	0	0	1.24399926404526	0	0	0	0	0	0	0	0	0	0	0	0	0	0	0	0	0	0	0.510865463647339	0	0	0	0	0	3.00050038262585	0	0	0	0	0	0	0	0	0	0	0	0	0	0	0	0	2.3465324435511	0	0	0	0	0	0	0	0	0	0
"TSG101"	0	0	0	0	0.431116720794608	0	0	0	0	0.187963069564212	0	0	0	0	0	0	6.94211555709812	0.128219522291497	0	0	0	3.00676640680875	0	0	0	0.418994966255304	0	0	0	0	0	0	0.199539061433354	0	0	0	0.12378124337096	0	0.828859416561106	0	0	0	0	0	0.821629573447544	0	0	0	0.15754388678336	0	0	0	0.86556503696153	0.398149332060327	0	0	0	0	0	0	0.8982036687658	3.88498883805978	0	0	0	0	0	5.63112290570935	0	0	1.26449543850218	0	0	0	0	0	0	0
"UBE2I"	0	0	0	0	0	0	0	0	0	0	0	0	0	0	0	0	0	0	0	0	0	0	0	0	0	0	0	0	0	0	0	0	0.670583973184667	0	0	0	0	0	0.294776480755642	0	0	2.4965753143287	0	0	0	0	0	0	0.192787354461926	0	0	0	0	0	0	0	0	0	0	0	0	0	0	0	0	0	0	0	0	0	0	0	0	0	0	0	0	0
"UCHL5"	5.18931930451088	0	0	0	0.234287039647392	0	0	0	0	0	0	0	0	0	0	0.185110578608557	0	0	0	0	0	0	0	0	0	0	0	0	0	0	0	0	0	0	0	0	0	0	0	0	0	0	0	0	0	0	0	0	0	0	0	0	0	0	0	0	0	0	0	0	0	0	0	0	0	0	0	0.392888007442313	0	0	0	0	0	0	0	0	0	0
"VAMP2"	0	0	0	0	0	0	0.403268723888831	0	0	0.00726087096485602	0	0	0	0.216412115951141	0	0	0	0	0	0	0	0	0	0	0	0	0.17750607046911	0	0	0	0	0	0	0	0	0	0	0	0	0	0	0	0	0	0	0	0	0	0	0	0	0	0	0	0	0	0	0	0	0	0	0	0	0	0	0	0	0.343481892330556	0	0	0	0	0	0	0	0	0	0
"VAMP3"	0	0	0	0	0	0	0.0443868885532888	0	0	0	0	0	0	0	0	0	0	0	0	0	0	0	0	0	0	0	0	0	0	0	0	0	0	0	0	0	0	0	0	0	0	0	0	0	0	0	0	0	0	0	0	0	0	0	0	0	0	0	0	0	0	0	0	0	0.120204335114001	0	0	0.356681513871836	0	0	0	0	0	0	0	0	0	0
"WDR7"	0	0	0	0	0	0	0	0	0	0	0	0	0	0	0	0	0	0	0	0	0	0	0	0	0	0	0	0	0	0	0	0	0	0	0	0	0	0	0	0	0	0	0	0	0	0	0	0	0	0	0	0	0	0	0	0	0	0	0	0	0	0	0	0	0	0	0	0	0	0	0	0	0	0	0	0	0	0
"lam"	0	0	0	0	0	0	0.00919953277618195	0	0	0	0	0	0	0	0	0	0	0	0	0	0	0	0	0	0	0	0	0	0	0	0	0	0	0	0	0	0	0	0	0	0	0	0	0	0	0	0	0	0	0	0	0	0	0	0	0	0	0	0	0	0	0	0	0	0	0	0	0	0	0	0	0	0	0	0	0	0	0
"largeT"	0	0	0	0	0	0	0	0	0	0	0	0.0955448403230761	0	0	0	0	0	0	0	0	0	0	0	0	0	0	0	0	0	0	0	0	0	0	0	0	0	0	0	0	0	0	0	0	0	0	0	0	0	0	0	0	0	0	0	0	0	0	0	0	0	0	0	0	0	0	0	0.571939329267068	0	0	0	0	0	0	0	0	0	0
"p53"	0	0	0	0	0	0	0	0	0	0	0	0	0	0	0	0	0	0	0	0	0	0	0	0	0	0	0	0	0	0	0	0	0.217544993253839	0	0	0	0	0	0	0	0	0	0	0	0	0	0	0	0.00968382911576927	0	0	0	0	0	0	0	0	0	0	0	0	0	0	0	0	0	0	0.49212330936413	0	0	1.0235286827626	0	0	0	0	0	6.60098334946294	0
