# This file is generated by BLASTN_NEW
DB(Read 1) \ AD(Read 2)	ADRM1	AP2B1	ARL2	BCL2L2	BIK	BNIP3	BNIP3L	BRMS1	BTG1	CCL14	CCND2	CCND3	CDK4	CDK6	CDKN1A	CDKN2D	CEP55	CNOT7	CTBP1	DAPK1	DDX39A	DMRTB1	EIF4EBP2	EXOSC1	EXOSC5	FHL3	GAA	IGF2	IKZF1	IKZF5	KLF3	LSM2	LSM3	MME	MORF4L1	MRFAP1	MRFAP1L1	MTA1	NMI	OR10AG1	PCNA	PIAS1	PLEKHG7	PPID	PSMC1	PSMC2	PSMD2	PSMD5	QKI	RBBP4	RBBP8	RBFOX2	RBPMS	REEP2	RING1	RYBP	S100A1	S100B	S100P	SARNP	SH3GLB1	SH3GLB2	SNX32	STMN2	STX4	SUPT4H1	SUPT5H	TEX11	TOPBP1	TSG101	UBE2I	UCHL5	VAMP2	VAMP3	WDR7	lam	largeT	p53
ADRM1	0	0	0	0	0	0	0	2	0	0	0	1	0	0	0	0	1	0	0	0	1	1	0	1	2	1	0	0	0	0	0	1	0	0	1	0	0	0	0	0	0	1	0	0	0	0	0	0	0	0	0	0	0	2	1	0	0	0	0	2	5	0	2	0	1	0	0	9	0	1	0	14	0	0	0	0	0	0
AP2B1	0	0	0	0	0	0	0	0	0	0	0	0	0	0	0	0	0	0	0	0	0	0	0	0	0	0	0	0	0	0	0	3	0	0	0	0	0	0	0	0	0	0	0	0	0	2	0	0	0	0	0	0	0	0	0	2	0	1	0	0	0	0	0	0	0	0	0	0	0	1	0	0	0	0	0	0	0	0
ARL2	0	0	0	0	0	0	0	0	0	0	0	1	1	0	0	0	0	0	0	0	2	2	0	0	0	0	0	0	0	0	0	0	0	0	0	0	0	0	0	3	0	0	0	1	2	0	0	0	2	0	0	0	2	0	0	0	0	0	0	0	0	0	6	2	0	3	0	4	0	0	0	0	0	0	0	0	0	0
BCL2L2	5	0	3	0	168	110	2	5	4	0	6	9	3	4	4	0	0	3	0	0	0	1	1	0	0	6	0	1	1	0	0	1	0	0	3	1	0	2	1	4	0	0	0	1	0	4	1	0	1	1	0	0	1	0	0	2	0	0	1	4	2	5	3	4	0	1	0	10	0	2	0	1	0	0	0	1	3	0
BIK	0	0	5	2	0	3	1	4	1	0	1	4	0	1	3	0	0	1	0	2	0	3	2	0	3	6	0	0	0	0	0	0	2	0	0	1	0	0	5	2	0	7	0	3	2	0	2	0	4	0	0	0	0	0	0	6	0	0	1	2	0	3	2	2	0	5	0	3	0	3	0	1	0	0	0	0	0	0
BNIP3	2	0	0	0	0	0	30	2	1	0	0	7	1	1	0	2	1	0	0	0	0	0	0	0	2	2	0	2	0	0	0	0	1	0	2	7	1	1	0	1	0	2	0	0	2	0	1	0	1	1	0	1	0	2	0	2	0	0	4	8	0	4	0	0	0	3	0	3	0	2	0	0	0	0	0	1	2	0
BNIP3L	2	0	2	0	0	123	0	7	9	2	3	1	0	3	1	4	0	0	0	0	2	1	0	0	0	9	0	0	0	0	0	0	1	0	10	2	1	1	5	6	0	1	0	2	3	5	0	0	3	2	0	0	0	1	4	2	0	0	0	0	0	0	4	2	0	0	0	14	0	3	0	1	0	0	0	11	6	0
BRMS1	0	0	0	0	1	1	0	2	0	0	1	0	5	2	0	0	0	0	0	0	1	0	0	0	1	4	1	2	1	0	0	8	0	0	2	2	2	1	117	0	0	16	0	1	0	0	0	1	0	0	0	0	0	2	1	1	0	0	0	2	0	3	2	1	0	2	0	5	0	0	1	0	0	0	0	6	0	0
BTG1	3	0	0	1	3	0	0	5	0	0	2	5	10	1	1	1	3	239	0	0	0	0	2	3	1	10	1	4	0	0	0	3	0	0	3	0	6	0	5	3	0	13	0	1	4	2	1	0	1	0	0	1	0	1	2	0	0	0	1	3	0	12	3	4	0	1	0	19	0	2	0	8	0	0	0	2	3	0
CCL14	0	0	2	0	1	0	0	4	4	0	0	3	4	2	0	0	0	0	0	0	3	0	0	0	2	7	1	0	0	0	0	1	0	0	0	2	11	0	5	8	0	2	0	0	0	1	0	0	2	0	0	1	1	0	0	2	0	0	0	3	0	0	3	0	0	5	0	3	0	4	2	0	0	0	0	0	2	0
CCND2	1	0	0	0	0	0	0	1	1	1	0	0	190	80	252	0	3	3	0	1	0	0	0	0	0	8	0	1	0	0	0	0	1	0	1	0	3	1	1	2	0	5	0	1	4	2	0	1	1	0	0	0	0	0	0	0	0	0	0	4	0	4	0	3	0	3	0	43	0	11	1	1	0	0	0	0	2	0
CCND3	0	0	2	0	1	0	0	46	0	0	3	1	403	386	357	9	1	4	0	2	0	15	0	3	5	121	2	4	0	0	1	6	25	0	5	17	1	2	4	2	0	31	0	4	14	18	3	0	49	1	0	2	1	3	1	8	0	0	0	12	4	63	6	6	0	4	1	82	7	48	0	2	0	0	0	6	10	1
CDK4	1	0	0	0	0	1	0	0	1	0	138	430	0	0	3	1	0	0	0	0	0	5	0	1	0	21	1	0	0	0	0	3	0	0	1	0	0	0	2	0	0	4	0	4	1	1	0	0	4	0	0	0	2	3	1	0	0	0	1	1	0	1	1	0	0	0	0	2	0	1	0	0	0	0	0	0	0	0
CDK6	0	0	1	0	0	0	0	4	0	0	69	471	3	0	1	3	0	2	0	4	0	0	1	0	1	6	0	0	0	0	0	1	0	0	2	3	2	1	0	1	0	6	0	6	6	0	0	0	0	3	0	0	2	0	0	1	2	0	0	0	1	10	2	1	0	0	0	2	0	1	0	1	0	0	0	3	9	0
CDKN1A	1	0	2	0	0	0	0	2	1	0	368	350	3	4	0	0	0	2	0	0	0	1	0	0	0	46	0	1	0	0	0	0	1	0	0	7	2	0	3	0	3	1	0	6	3	5	3	0	1	3	0	0	0	1	0	4	0	0	4	3	2	5	3	0	0	0	0	364	0	6	1	1	0	0	0	2	1	0
CDKN2D	0	1	0	0	0	0	0	4	1	0	0	4	0	3	0	2	0	0	0	0	3	39	0	1	0	163	1	3	0	1	3	1	52	0	0	6	3	3	9	5	1	26	0	6	4	0	0	0	66	2	0	0	1	2	0	0	0	0	0	1	4	49	2	4	0	7	0	50	0	63	2	1	0	0	0	7	0	0
CEP55	0	0	5	0	0	0	0	0	1	0	0	3	5	1	4	1	0	0	0	0	1	0	0	1	1	5	0	1	0	0	0	8	3	0	0	7	0	0	1	7	0	6	0	1	0	10	1	0	1	1	0	0	1	0	1	1	0	0	0	7	4	3	0	1	0	6	0	31	1	510	5	3	0	0	0	3	5	0
CNOT7	4	0	27	0	6	4	0	287	106	3	13	51	198	24	35	46	40	0	0	8	3	6	71	9	30	711	2	11	5	0	6	64	292	0	21	389	249	10	125	23	0	704	0	12	377	184	12	0	5	144	0	0	0	8	62	158	0	0	4	30	22	383	99	77	0	18	3	371	3	299	2	16	0	0	0	96	20	0
CTBP1	0	0	0	0	0	0	0	0	0	0	0	0	0	0	0	0	0	0	0	0	0	0	0	0	0	0	0	0	0	0	0	0	0	0	0	0	0	0	0	0	0	0	0	0	0	0	0	0	0	0	0	0	0	0	0	0	0	0	0	0	0	0	0	0	0	0	0	0	0	0	0	0	0	0	0	0	0	0
DAPK1	0	0	0	0	0	0	0	5	0	0	0	0	0	2	2	0	0	1	0	0	2	0	0	1	0	0	0	0	0	0	0	3	3	0	0	2	0	1	2	0	0	0	0	0	0	6	0	0	0	0	0	0	0	1	0	1	0	0	0	0	0	4	0	0	0	1	0	1	0	2	0	0	0	0	0	1	3	0
DDX39A	2	0	3	0	0	0	1	4	2	0	2	4	3	1	0	1	0	1	0	0	0	0	0	1	4	7	0	4	0	0	0	7	0	0	3	2	1	4	2	0	0	12	0	1	0	1	0	0	3	1	0	0	0	1	3	8	0	0	0	41	0	3	1	6	0	5	0	17	0	0	20	6	0	0	0	2	4	0
DMRTB1	4	0	0	0	1	0	0	4	0	0	0	0	0	0	2	0	0	2	0	0	0	0	0	0	0	2	0	2	0	0	0	0	0	0	0	0	0	1	0	0	0	0	0	0	0	0	2	0	27	1	0	16	18	0	0	0	0	0	2	1	2	1	0	0	0	0	0	0	0	2	0	2	0	0	0	0	0	0
EIF4EBP2	0	0	0	0	2	0	0	1	1	1	1	4	31	1	5	1	0	0	0	0	2	3	0	0	0	238	1	3	0	0	0	0	135	0	1	3	1	5	1	0	0	1	0	4	2	1	0	0	0	1	0	0	0	1	1	2	0	0	0	2	1	6	2	4	0	2	0	27	0	0	0	0	0	0	0	0	0	0
EXOSC1	1	0	0	0	0	1	1	2	1	0	0	2	9	4	0	1	0	2	0	0	0	24	5	0	153	218	1	1	0	0	0	2	8	0	2	5	0	3	0	0	0	0	0	2	0	0	1	0	1	2	0	1	8	0	0	5	0	0	0	1	4	8	2	2	0	0	0	16	0	5	2	1	0	0	0	0	4	0
EXOSC5	0	0	3	0	0	0	0	1	0	0	1	2	12	0	4	0	19	2	0	0	3	35	2	61	0	288	0	0	0	0	0	8	16	0	5	8	4	2	19	2	0	15	0	0	14	4	2	0	4	0	0	0	2	4	3	7	0	0	1	0	13	182	6	1	0	0	1	133	0	7	1	7	0	0	0	7	0	0
FHL3	0	0	0	0	0	0	0	0	0	0	0	0	0	0	0	0	0	0	0	0	0	0	0	0	0	0	0	0	0	0	0	0	0	0	0	0	0	0	0	0	0	0	0	0	0	0	0	0	0	0	0	0	0	0	0	0	0	0	0	0	0	0	0	0	0	0	0	0	0	0	0	0	0	0	0	0	0	0
GAA	0	0	1	0	1	0	0	5	1	0	2	0	0	0	1	0	0	2	0	0	0	0	0	0	0	0	0	0	0	0	0	0	0	0	4	0	0	2	2	0	0	0	0	1	5	0	0	1	2	0	0	0	0	0	1	0	0	0	0	2	0	1	1	5	0	0	0	3	0	0	0	0	0	0	0	0	0	0
IGF2	0	0	0	0	1	1	0	0	2	0	1	10	0	3	2	0	0	0	0	0	1	0	0	1	3	3	0	0	0	0	2	2	2	0	2	4	4	3	0	1	0	4	0	1	0	0	0	0	1	2	0	0	1	0	1	0	0	0	1	4	1	10	6	0	0	6	0	4	0	0	0	3	0	0	0	1	0	0
IKZF1	1	0	0	0	0	0	1	2	1	0	0	0	4	0	0	0	5	0	0	0	2	1	0	0	0	1	0	0	0	0	0	0	0	0	0	0	2	2	0	0	0	11	0	0	3	3	0	0	1	0	0	0	0	0	0	4	0	0	0	0	0	1	0	0	0	0	0	3	0	0	19	0	0	0	0	2	1	0
IKZF5	2	0	0	0	0	0	1	1	0	0	0	3	0	0	1	0	0	0	0	0	0	0	0	0	3	13	0	2	15	0	0	1	2	0	4	1	2	1	0	2	1	30	0	0	1	0	0	1	0	0	0	0	0	2	1	0	0	0	0	2	0	5	1	2	0	3	0	6	0	1	18	0	0	0	0	1	0	0
KLF3	0	0	1	0	1	0	0	1	0	0	0	2	1	0	0	0	0	2	3	0	1	0	0	0	1	66	0	0	0	0	0	1	5	0	4	1	2	1	1	0	0	12	0	1	1	0	0	0	3	0	0	0	5	2	0	1	0	0	1	0	4	5	0	2	0	0	2	5	0	1	7	0	0	0	0	4	1	0
LSM2	0	0	0	0	2	0	0	0	1	0	0	0	2	1	0	0	1	0	0	0	0	1	0	0	0	3	1	0	0	0	0	0	5	0	0	2	0	0	1	0	0	2	0	4	1	7	0	0	3	0	0	0	0	0	0	0	0	0	1	1	2	0	1	0	0	1	0	4	1	0	0	0	0	0	0	0	0	0
LSM3	1	0	0	0	0	1	1	0	4	0	2	0	5	0	0	2	0	0	0	2	1	0	1	0	0	14	0	2	0	0	0	10	0	0	0	0	0	1	3	0	0	3	0	0	2	0	1	2	5	0	0	3	1	2	0	1	3	0	1	1	0	2	0	0	2	0	0	7	0	2	0	0	0	0	0	0	0	0
MME	0	0	0	0	0	0	0	0	0	0	0	1	2	0	1	0	0	0	0	0	0	0	0	0	1	10	0	0	0	0	0	0	1	0	0	3	0	0	0	0	0	5	0	0	0	0	0	0	2	1	0	0	0	1	0	5	0	0	0	0	0	1	0	4	0	0	2	4	0	0	0	1	0	0	0	3	2	0
MORF4L1	2	0	1	0	0	0	1	9	6	0	1	8	1	1	3	2	2	1	0	3	1	2	1	2	2	150	3	2	0	0	1	4	5	0	0	20	58	4	9	0	0	14	0	3	8	0	3	0	8	4	0	0	1	0	2	8	0	0	3	6	4	227	1	0	0	2	6	355	0	1	0	11	0	0	0	11	1	0
MRFAP1	1	0	0	0	0	1	0	1	1	0	0	4	4	1	2	1	0	0	0	0	1	1	0	0	0	2	0	1	0	0	0	1	4	0	1	0	0	3	4	3	0	0	0	1	3	0	1	0	7	5	0	0	0	5	0	1	0	0	0	3	3	12	5	1	0	0	0	553	0	3	0	1	0	0	0	2	0	0
MRFAP1L1	2	0	2	0	7	2	1	3	1	0	1	1	0	6	0	1	1	0	0	1	0	0	1	0	2	2	2	0	2	0	0	0	1	0	71	0	0	0	0	0	0	8	0	0	4	0	0	0	0	0	0	1	0	0	0	2	0	0	0	1	0	3	2	1	0	1	0	287	0	0	0	0	0	0	0	0	1	0
MTA1	1	0	0	0	0	0	0	0	4	0	0	4	0	4	3	2	3	1	0	0	0	2	0	0	4	50	4	6	0	0	0	3	3	0	0	14	7	0	0	1	0	3	0	1	3	3	1	0	2	0	0	2	1	1	0	1	0	0	1	9	2	13	0	0	0	0	0	40	0	4	1	0	0	0	0	2	0	0
NMI	2	0	0	0	0	0	0	518	1	0	0	1	1	1	3	0	0	0	0	0	2	1	0	0	1	1	0	4	0	0	0	0	3	0	1	0	1	1	0	1	0	1	0	9	1	3	1	0	0	1	0	0	2	0	0	34	0	0	0	6	2	1	8	5	0	1	0	8	0	0	6	2	0	0	0	4	2	0
OR10AG1	5	0	7	0	0	1	0	0	1	0	0	2	0	4	2	1	0	2	0	0	2	0	0	0	1	5	1	1	0	0	2	2	1	0	0	1	0	0	0	0	0	1	0	0	3	0	0	1	3	8	0	0	0	2	3	0	0	0	0	2	0	6	5	1	0	0	0	3	0	6	0	0	0	0	0	3	10	0
PCNA	0	0	0	0	0	0	0	2	0	0	0	0	1	0	20	0	0	0	0	0	0	0	0	0	3	0	0	0	0	0	0	0	1	0	2	0	0	2	0	0	0	1	0	0	1	0	0	0	0	0	0	0	0	0	0	0	0	0	0	0	1	0	0	0	0	0	0	1	0	0	3	0	0	0	0	0	1	0
PIAS1	6	0	8	0	2	1	0	57	13	0	2	39	73	13	26	14	5	0	0	3	0	7	8	1	5	531	5	4	0	0	4	27	241	0	13	57	5	7	7	19	0	1	0	17	69	16	16	0	41	18	0	3	0	5	26	22	0	1	4	20	1	14	19	43	0	32	0	616	0	68	34	18	0	0	0	17	21	0
PLEKHG7	0	0	0	0	0	0	0	0	0	0	0	0	0	0	0	0	0	0	0	0	0	0	0	0	0	0	0	0	0	0	0	0	0	0	0	0	0	0	0	0	0	0	0	0	0	0	0	0	0	0	0	0	0	0	0	0	0	0	0	0	0	0	0	0	0	0	0	0	0	0	0	0	0	0	0	0	0	0
PPID	0	0	2	0	2	2	0	1	0	0	0	1	3	1	2	0	0	0	0	1	0	1	0	1	2	8	0	1	0	0	0	2	0	0	1	8	3	1	0	1	0	12	0	1	11	1	0	0	0	0	0	1	2	0	7	1	0	0	0	1	0	6	0	0	0	2	0	2	0	4	0	2	0	0	0	3	1	0
PSMC1	0	0	0	0	0	1	0	1	0	0	0	0	1	0	0	0	0	0	0	0	1	0	0	1	0	0	0	0	0	0	0	0	0	0	0	0	0	0	0	0	0	4	0	0	0	0	0	0	0	0	0	0	0	0	0	0	0	0	0	0	3	1	0	0	0	0	0	0	0	0	0	0	0	0	0	0	0	0
PSMC2	0	0	0	0	0	0	0	5	2	0	1	0	1	0	0	0	0	0	0	0	1	1	0	0	1	9	0	1	0	0	0	0	2	1	0	5	0	0	0	2	0	4	0	0	20	0	1	48	2	0	0	0	0	0	0	1	0	0	0	0	0	1	2	5	0	1	0	17	0	5	0	0	0	0	0	0	0	0
PSMD2	1	0	0	0	0	0	0	1	0	0	0	2	2	0	0	0	0	0	0	1	0	0	0	0	0	1	0	0	0	0	0	0	0	0	2	2	0	1	0	3	0	1	0	1	47	2	0	0	0	6	0	0	0	0	0	1	0	0	0	0	0	7	1	0	0	0	0	2	0	0	0	0	0	0	0	0	2	0
PSMD5	0	0	0	0	0	0	0	0	0	0	0	0	0	0	0	0	0	0	0	0	0	0	1	2	2	7	0	0	0	0	1	1	0	0	0	0	1	0	0	0	0	0	0	0	15	20	0	0	1	0	0	0	0	0	0	0	0	0	1	0	0	3	0	1	0	0	0	0	0	2	0	0	0	0	0	0	2	0
QKI	1	0	0	0	0	2	0	5	6	0	1	6	4	1	0	0	0	1	2	0	0	48	0	1	3	100	0	4	0	0	0	5	31	0	0	0	0	3	0	1	0	13	0	0	6	3	3	0	0	2	0	12	16	1	4	7	1	0	2	10	1	2	1	5	0	5	0	163	0	5	0	1	0	0	0	0	25	1
RBBP4	0	0	0	0	2	0	0	1	1	0	0	0	5	4	1	2	0	0	0	1	0	1	0	0	0	5	0	1	0	0	0	6	2	0	0	2	0	2	1	9	0	3	0	2	4	0	1	0	2	0	0	0	0	1	1	20	1	2	0	3	0	1	0	0	0	1	0	4	0	0	0	1	0	0	0	3	5	0
RBBP8	0	0	0	0	0	0	0	0	0	0	0	0	0	0	0	0	0	0	0	0	0	0	0	0	0	0	0	0	0	0	0	0	0	0	0	0	0	0	0	0	0	0	0	0	0	0	0	0	0	0	0	0	0	0	0	0	0	0	0	0	0	0	0	0	0	0	0	0	0	0	0	0	0	0	0	0	0	0
RBFOX2	0	0	1	0	1	1	0	6	4	0	1	11	7	2	8	1	1	2	0	3	4	31	0	2	1	22	3	3	1	0	0	1	3	0	8	3	5	5	1	7	0	18	0	2	3	3	4	2	149	5	0	0	14	2	2	8	0	0	0	6	1	9	2	0	0	4	0	13	0	0	0	1	0	0	0	5	3	0
RBPMS	1	0	1	0	3	0	0	3	1	2	1	21	1	0	1	2	0	0	0	3	1	84	1	0	0	9	0	2	0	0	0	0	0	0	4	1	1	3	0	0	0	7	0	3	0	3	1	0	255	0	0	51	0	2	2	3	0	0	1	4	3	5	0	0	0	0	0	6	0	1	0	8	0	0	0	1	2	0
REEP2	0	0	6	0	0	0	0	5	1	0	0	15	1	5	7	2	1	1	0	0	0	1	0	0	4	7	1	1	0	0	0	0	0	0	3	2	0	4	1	0	0	4	0	1	6	0	1	0	4	3	0	1	0	0	0	2	0	0	0	9	0	6	2	9	0	5	0	7	0	2	0	5	0	0	0	3	1	0
RING1	0	0	0	0	0	0	0	0	0	0	0	0	0	1	2	0	0	3	0	0	3	0	0	0	0	0	0	0	0	0	0	0	0	0	0	0	0	1	1	0	0	0	0	0	0	0	0	0	1	0	0	0	0	1	0	6	0	0	0	0	0	4	0	0	0	0	0	2	0	0	0	0	0	0	0	0	0	0
RYBP	1	1	1	0	1	0	0	0	0	0	0	7	1	1	0	1	0	1	0	0	1	1	0	0	0	104	1	1	2	0	0	0	1	0	0	2	2	1	5	2	0	10	0	1	1	0	1	0	4	1	0	0	2	0	20	0	0	0	1	1	0	3	0	2	0	3	0	8	0	0	0	6	0	0	0	2	1	0
S100A1	0	0	0	0	0	0	0	0	0	0	1	0	0	0	0	0	0	0	0	0	1	1	0	0	0	1	1	0	0	0	0	0	2	0	0	0	0	2	4	0	0	0	0	0	0	1	0	0	1	0	0	1	0	0	0	1	0	0	0	0	0	3	0	0	0	0	0	3	0	0	0	0	0	0	0	1	0	0
S100B	0	0	0	0	0	0	0	0	0	0	0	0	0	0	0	0	0	0	0	0	0	0	0	0	0	2	0	0	0	0	0	0	0	0	0	0	0	0	1	0	0	0	0	0	0	0	0	0	1	0	0	0	1	0	0	0	0	0	0	0	1	0	0	0	0	1	0	0	0	0	0	0	0	0	0	0	0	0
S100P	1	0	0	2	1	0	0	1	0	0	0	0	0	0	0	3	0	0	0	0	0	0	0	0	1	1	0	0	0	0	0	0	0	0	0	0	0	0	0	0	0	0	0	0	0	0	0	0	3	0	0	1	1	1	0	0	0	0	0	0	1	1	0	2	0	0	0	2	0	0	0	0	0	0	0	0	0	0
SARNP	2	1	2	0	1	0	1	2	7	0	0	2	1	1	3	0	0	3	0	0	187	2	1	1	0	11	1	2	0	0	0	1	0	0	2	3	1	0	5	9	0	4	0	7	1	1	1	1	9	2	0	0	0	1	0	1	0	0	3	0	5	4	1	6	0	5	0	10	0	4	0	1	0	0	0	2	6	0
SH3GLB1	1	0	2	0	1	1	0	3	5	0	2	2	10	3	8	2	0	5	0	0	2	1	3	0	6	4	2	2	0	0	1	2	7	0	2	10	5	1	2	12	0	15	0	4	4	1	1	0	1	6	0	0	0	0	0	2	0	0	1	9	1	765	2	1	0	1	1	16	0	3	2	2	0	0	0	2	5	0
SH3GLB2	1	0	8	0	0	2	1	17	4	1	5	4	25	3	26	4	1	3	0	6	5	2	0	2	6	417	3	0	0	0	1	2	118	0	8	21	4	3	144	14	0	63	0	3	7	8	5	1	5	0	0	1	1	7	11	10	0	0	4	7	421	2	0	1	0	15	0	486	3	50	2	1	0	0	0	9	5	0
SNX32	0	0	1	0	0	0	0	1	0	0	1	5	6	0	2	0	0	0	0	0	1	3	0	1	0	8	0	1	0	0	0	0	3	0	0	6	4	0	1	2	0	2	0	2	4	5	0	0	1	1	0	2	0	0	0	2	0	0	2	4	4	5	0	2	0	2	0	408	0	102	0	1	0	0	0	1	2	0
STMN2	0	0	0	0	0	0	0	5	3	0	2	5	3	0	1	5	0	0	0	1	0	1	0	0	1	7	1	1	0	0	2	4	2	0	0	0	0	4	7	3	0	12	0	2	12	13	2	0	0	3	0	0	0	0	3	6	0	0	0	0	0	4	4	0	0	7	0	413	0	8	0	0	0	0	0	6	3	0
STX4	0	0	2	0	0	0	0	0	0	0	0	1	0	0	1	0	0	0	0	1	2	0	0	0	4	2	0	0	2	0	0	1	3	0	0	1	4	0	1	0	0	3	0	0	4	3	0	0	0	0	0	1	3	1	0	1	0	0	1	1	0	11	1	0	0	0	0	9	0	1	2	0	0	0	0	0	0	0
SUPT4H1	0	0	1	0	0	2	0	5	4	0	1	9	6	4	2	0	0	0	0	0	2	0	9	0	1	12	0	0	0	0	0	0	8	0	0	0	1	0	1	0	0	19	0	4	10	4	0	0	0	0	0	0	0	2	2	1	0	0	0	1	3	3	3	7	0	0	16	15	0	2	0	0	0	0	0	0	8	0
SUPT5H	0	0	1	0	0	0	0	3	10	0	0	0	0	0	0	0	0	0	0	0	1	0	1	1	0	42	0	1	0	0	0	6	1	0	0	2	0	0	0	1	0	1	0	2	0	0	0	0	1	1	0	0	0	0	0	3	0	0	0	1	0	3	0	0	0	22	0	20	0	1	0	0	0	0	0	1	0	0
TEX11	9	0	0	0	0	0	0	11	0	0	0	0	0	0	0	2	0	0	0	0	0	0	0	0	1	7	0	0	0	0	0	7	2	0	0	0	0	5	0	0	0	0	0	0	0	0	0	0	0	0	0	0	0	0	0	0	0	0	0	0	0	0	0	0	0	0	0	1	0	3	0	0	0	0	0	0	0	0
TOPBP1	0	0	0	0	0	0	0	0	1	0	0	0	0	0	0	0	0	0	0	0	0	0	0	0	0	11	0	0	0	0	0	0	0	0	0	0	1	0	0	0	0	0	0	0	5	0	0	0	0	0	11	0	0	0	0	2	0	0	0	0	0	1	0	3	0	0	0	16	0	0	0	0	0	0	0	0	0	0
TSG101	0	0	0	0	3	0	0	0	1	1	2	1	2	0	0	1	401	2	0	0	0	26	2	0	0	7	0	0	0	0	0	2	3	0	1	7	4	1	4	1	0	1	0	1	10	0	0	0	2	0	0	0	3	3	0	1	0	0	0	3	4	97	1	3	0	2	0	219	0	0	5	0	0	0	0	1	1	0
UBE2I	0	0	0	0	0	0	0	0	0	0	0	1	0	0	0	0	0	0	0	0	0	0	0	0	0	0	0	0	0	0	0	0	3	0	0	0	1	0	1	0	0	53	0	0	0	0	0	0	1	0	0	0	0	0	0	0	0	0	0	1	0	0	0	0	0	0	0	0	0	0	0	0	0	0	0	0	0	0
UCHL5	321	0	0	0	5	0	0	0	0	0	4	4	2	0	3	7	0	1	0	0	2	0	3	0	1	8	2	1	0	0	0	5	0	0	2	5	3	3	0	2	0	2	0	1	1	2	1	0	2	2	0	0	1	0	0	7	0	0	0	0	1	6	0	3	0	1	1	8	0	1	0	0	0	0	0	1	0	0
VAMP2	2	0	0	0	0	2	3	4	3	1	3	3	0	6	2	1	0	0	0	0	1	0	3	0	0	5	4	2	0	0	1	2	2	0	1	0	0	3	2	6	0	2	0	2	1	5	0	0	0	0	0	0	0	1	0	1	0	0	0	8	1	2	1	0	0	3	0	6	1	1	0	1	0	0	0	1	0	0
VAMP3	0	0	2	0	0	1	2	0	6	0	2	8	2	3	1	1	0	0	0	0	1	1	0	0	3	7	1	2	0	0	0	0	4	0	6	6	3	8	3	13	0	8	0	0	1	4	0	0	2	2	0	0	0	0	0	2	0	0	0	3	2	4	0	1	2	5	0	9	0	1	0	5	0	0	0	0	6	0
WDR7	0	0	0	0	0	0	0	0	0	0	0	0	0	0	0	0	0	0	0	0	0	0	0	0	0	0	0	0	0	0	0	0	0	0	0	0	0	0	0	0	0	0	0	0	0	0	0	0	0	0	0	0	0	0	0	0	0	0	0	0	0	0	0	0	0	0	0	0	0	0	0	0	0	0	0	0	0	0
lam	0	0	5	0	0	0	2	4	0	0	0	1	0	0	0	1	0	1	0	0	1	0	2	0	0	4	1	4	0	0	0	0	0	0	3	0	1	0	1	0	0	4	0	0	1	0	1	0	0	0	0	0	0	2	0	6	0	0	0	1	1	7	7	0	0	0	0	5	0	0	0	0	0	0	0	0	2	0
largeT	0	0	0	0	0	0	0	3	0	0	0	9	1	0	0	0	0	0	0	1	0	0	0	0	0	0	0	0	0	0	0	4	0	0	1	1	0	0	0	2	0	5	0	0	1	1	0	0	0	1	0	0	0	0	0	0	0	0	0	0	0	1	4	1	0	0	0	5	0	1	0	0	0	0	0	0	0	0
p53	2	0	0	0	0	0	0	1	1	0	0	1	1	3	2	1	0	2	0	0	1	0	0	0	0	5	0	2	0	0	0	0	9	0	5	5	0	0	1	5	0	7	0	3	0	1	0	0	5	0	0	1	0	1	1	1	0	0	0	1	0	0	4	3	0	0	0	12	0	0	12	0	0	0	0	2	1124	0
