"ADRM1"	"AP2B1"	"ARL2"	"BCL2L2"	"BIK"	"BNIP3"	"BNIP3L"	"BRMS1"	"BTG1"	"CCL14"	"CCND2"	"CCND3"	"CDK4"	"CDK6"	"CDKN1A"	"CDKN2D"	"CEP55"	"CNOT7"	"CTBP1"	"DAPK1"	"DDX39A"	"DMRTB1"	"EIF4EBP2"	"EXOSC1"	"EXOSC5"	"FHL3"	"GAA"	"IGF2"	"IKZF1"	"IKZF5"	"KLF3"	"LSM2"	"LSM3"	"MME"	"MORF4L1"	"MRFAP1"	"MRFAP1L1"	"MTA1"	"NMI"	"OR10AG1"	"PCNA"	"PIAS1"	"PLEKHG7"	"PPID"	"PSMC1"	"PSMC2"	"PSMD2"	"PSMD5"	"QKI"	"RBBP4"	"RBBP8"	"RBFOX2"	"RBPMS"	"REEP2"	"RING1"	"RYBP"	"S100A1"	"S100B"	"S100P"	"SARNP"	"SH3GLB1"	"SH3GLB2"	"SNX32"	"STMN2"	"STX4"	"SUPT4H1"	"SUPT5H"	"TEX11"	"TOPBP1"	"TSG101"	"UBE2I"	"UCHL5"	"VAMP2"	"VAMP3"	"WDR7"	"lam"	"largeT"	"p53"
"ADRM1"	0	0	0	0	1.92999108645838	0	0	0	0	0	0	0.61977744696633	0	0	0	0	0	0	0	0	0	0	0	0	0	0	0	0	0	0	0	0	0	0	0	0	0	0	0	0.312342023103613	0	0	0	0	0.969752017332413	0	0	0	1.37542006275683	0.474307894282591	0	0	2.79122748783652	0	0	0.367256053899559	0	0	0	0.220528743760438	0	1.51410065279983	0	0	0	0	0	0	0	1.02600847752161	0	2.65052364004947	0	0	0	0	0.456066337233926	0
"AP2B1"	0	0	0	0	0	0	0	0	0	0	0	0	0	0	0	0	0	0	0	0	0	0	0	0	0	0	0	0	0	0	0	0	0	0	0	0	0	0	0	0	0	0	0	0	0	0	0	0	0	0	0	0	0	0	0	0	0	0	0	0	0	0	0	0	0	0	0	0	0	0	0	0	0	0	0	0	0	0
"ARL2"	0	0	0	0	0	0	0	0	0	0	0	1.54092017468741	0	0	0	0.850315907043728	0	0	0	0	0	1.70916898353912	0	0	1.00015686832023	0	0	0	0	0	0	0	0	0	0	0	0.916408612648194	0	0	0	0	0	0	0.423432556095526	0	0	0	0	1.70916898353912	0	0	0	0	0	0	0	0	0	0	0	1.98208695664441	1.46549238015992	0	0	0	0	0	1.83421578051237	0	0	0	0	0	0	0	0.789565232774083	0.61283659667956	0
"BCL2L2"	0	0	0	0	6.48108729688591	4.13167865062187	0	0	0	0	0	0.507560477858753	0.575123286526306	0.48507296572984	0	0	0	1.60205349789844	0	0	0	1.17169995809794	0	0	0	0	0	0.327076686885174	3.81032041115536	0	0	0	0	0	0	0.319266405930146	0	0.35703761173028	0	0	0	0	0	0	0	0.506179534326828	0	1.7340365447683	1.17169995809794	0	0	0	0	0	0	0	0	0	0.859413371618833	0	0	0.571579262071392	0	0	0	0.2166719429451	0	0	0	0	0	0	0	0	0	0.851397126524145	0	0
"BIK"	0	0	0	0	0	0	0	0.298418410223967	0.329967459280497	0	0	0.904261914185046	0	0.498830841912151	0.335694454828973	0.938139315438403	0	1.26466247782907	0	0	2.75940074239218	1.19837417592231	0	0	0	0	0	0	0	0	0	0	0	0	0.460633197908341	0	0.590952785503936	0	0	0.258576326470048	0	0	0	0	0	0	0	0	1.84383044457793	0	0	0	0	0	0	0	0	0	0	0	2.12647859295853	1.32618627118904	0	0.379155915355566	0	0	0	0	0	0	0	0	0	0	0	0	0	0
"BNIP3"	0.811641896786742	0	0	0	0	0	4.69609731364447	0	0	0	0	0.672562324235694	1.25084995825174	0.807828616639536	0	0	0	0	0	0	0	0	0	2.28440612405754	1.35344536440044	0.295610894536361	0.956878299112093	0	0	0	0	0	0	0	0	0.763647494705488	0	0	0	0.236760221417536	0	0.41408750035174	0	0.436795541867897	0	0	0	0	1.1219314598328	0	0	0	0	0.647458104015713	0	0.279634773147392	0	0	0	0.314653025227036	0	1.90266693516961	0.359749363521544	0.348332779821957	0	0.204352032620511	0	0.735445295467088	0	0	0	0.938422821893987	0	0	0	0	1.67559256484897	0
"BNIP3L"	0	3.55208260774945	0	0	0	4.89848923323731	0	0.631613938506703	0.690900133841487	0	0	0.430003054625505	1.14411550136122	0.990872851018083	0	0.790692935524618	0	0	0	0.956943919273908	1.34073362177478	0	0.505001896171101	0.747678673305162	0	1.13527894271264	0	0	0	0	0	0.524006577307075	0	0	0	1.01430136454334	0.853386727917304	0.300113766520415	0	0.555055092352027	0	0.662780405322862	0	0	0	0	0	0	0	0	0	0	0	0	0.560481475959259	0.954496056996784	0	0	0	0.401199829428535	2.94598284917075	1.37930692920576	0	0	0	0.341309045527777	0	1.96925318395554	0	0	0	0.264150794171311	0	0	0	0	1.13938474521236	0
"BRMS1"	0	0	0.787451416080206	0	0	0	0	0	0	0	0	0	1.38122368363656	0	0	0	0	0	0	0	0	1.24383569995544	0	0.926482049358298	0.680745609899939	0	0	0	0	0	0	0.367828483252262	0.603449203845478	0	0	0	0	0.690071954078288	4.88068987352353	0.50066960350564	0	0	0	0	1.95565156857095	2.2241234990071	0	0	0	0	0	0	2.60458346373876	0.730138518766996	0	0.32051587100755	0	0	0	0	0	2.06551400807702	0	0	0	0	0	0	0	0	0	0.340824558912628	0	0	0	0	0.399509414835496	0
"BTG1"	0	0	0	0	0	0	1.79105441445808	0.539534708055473	0	0	0	0	0.999330420583203	0.493234191916074	0.331722107378878	0	0	6.56115565405923	0	1.11475611902001	0	0	0.603168517080557	0.880482551522948	0.64435131012105	0.318441193973026	0	0	3.83669748181608	0	0	0	0	0	1.31304522631018	0	0.999330420583203	1.1013056319317	2.11167047754313	0	0	0.444749370595988	0	0	0.822177580018546	0.514636470616199	0	0	2.27291245194374	0	0	0	0	1.15726277841019	0	0.301355511374549	0	0	0	0.482374933607339	0	1.31465263818918	0	0	0	0.4120105165708	1.48317310922202	1.28942761001346	0	1.80382042553438	2.29517478873826	0	0	0	0	0.26910071877623	0.376212063316148	0
"CCL14"	0	0	0	0	0	0	0	0	0	3.24456739211266	0.802131504561161	0	0	0	0.632081064639266	0.56618832414424	2.07427443594191	0	0	0	1.5938545252074	0	0	1.47953398808005	0.676918847867666	1.03600753872871	1.06136853396705	0.351598137548526	0	0	0	0.365540181247347	0	0	0	0	0	0	2.18029371622461	0	0	0	0	0	0	0	0.835916567363336	0	1.23795387280989	0	0	0	3.47154356640049	0	0	0.991390468139431	0	0	0	0	2.65505119138265	1.0387628480258	0	0	0	0.233574202143844	0	0	0	0	2.36620558552704	0	0	0	0	0	0	0
"CCND2"	0	0	0	0	2.50043168544231	0	0	0	0.608365555518313	0	1.96095756084123	0	6.02378273694012	4.4645233613343	5.79553495492842	0	2.85732182766862	0	0	0	2.3005600541445	0	0	0	1.11412497097007	1.82960922330303	0	0	5.80660391808759	0	0	0	1.00224727918851	0	0	0.606476964322374	0	0	2.14915481092036	0	0	1.69628762499333	0	0	1.37225736275487	0	0	4.36684315003864	0	0	0	3.34508540528515	0	0	0	0	0	0	1.44246013582902	0	0	2.35114849639185	0	0	0	1.01833198813402	0	3.31652804000754	0	2.14915481092036	0	1.02106518594955	0	0	0	1.64191091740419	0	0
"CCND3"	0	0	1.26212419709935	0	1.92124258636722	0.862525858707987	0	1.20771089100893	0	1.67483416426986	0.657237191336664	0	6.99947144781929	5.95909318723463	3.51755143383817	1.3171412156411	1.80399088828401	1.71553947594514	0	2.7592828552994	2.86100620911663	3.39069404736919	0	0.760376336884983	0.550488860175944	2.22289639287309	1.81974356076844	0.279938604659629	0	0	3.72053781171661	0.533578911295541	1.58532510932056	0	0	1.17034909759814	0.867399039556842	0.773057746291489	0	0	0	1.62553641407426	0	0	2.87531787120213	0	0	0	4.53226170929943	0	0	3.58064389619548	2.29741496010304	0	0.978398631415778	1.10439291426158	0	3.87825113662288	0	0.149525384402587	2.6964537733134	3.06418782427745	0	0.574799263494404	0	0	0	3.22377387902075	0	0.752969718176279	0	0	0	0	0	0.592252484766757	0	0
"CDK4"	0	0	0	0	0	0	2.84653433579992	1.09849876094498	0	0	3.00721833089167	6.53056407581163	0	0	0.722986537992446	0	0	0	0	0	2.53037772938102	2.07568415722713	1.20556367845898	0	0	0	0	0	0	0	0	0	0	0	0	1.18364903238313	0	0	0	0	0	0	0	0	0.975623917089219	0	0	0	0	0	0	0	0	0	0	0	0	0	0	0.414756595419108	3.22653181661392	0	0	0	0	0	0	0	0	0	3.43769007601969	0	0	0	0	1.02298376476725	0	0
"CDK6"	0	0	0	0	0	0	3.00191190389008	0	0	3.09954055683209	3.31704349290766	5.89484561823	0	0.660502662252703	0	2.46121944981622	0	0.989768911809514	0	0	0	1.49572683982277	0.798589867560769	0	0	1.93155759460267	2.42442461018693	0	0	0	0	0	0	0	0	0.443458291671825	0	0.493590888399635	1.75106967711254	0	0	1.34658590958614	0	0.34883896861359	0.629539067513141	0.687599508761813	0	0	2.21416330944292	0	0	2.86978219452761	0	0	0	0	0	0	0	0	0	0	0	0.508443230651192	0	0.957337836212912	0	2.03075697670985	0	0	0	0	0	0	0	0	0	0
"CDKN1A"	0	0	0	0	0	0	0	0.303947060488545	0	0	6.44415001892353	4.2147113376348	1.35045773515268	0	0	0	0	1.28186600516672	0	0	0	0	0.619952677026838	0	0	0	0	0	0	0	0	0	0.586461075732381	0	0	0	0	0.374265169685433	0	0.486109080064414	9.80457702104564	0	0	0	1.7583584506106	0	0	0	1.8650595263261	0.718261087618489	0	2.48049901175222	0	0	0	0.566098600032837	0	0	0	0	1.44246013582902	1.01833198813402	0	0.385990900039883	0	0	0	3.08216886430965	0	0	0	0	0	0	0	1.04292066908094	0	0
"CDKN2D"	0	0	0	0	0	0	0	0.816295260068394	0.648254330918939	0	0	0	0	0	0	0	0	0.827077624749899	0	0	1.64303095077617	5.08189221105679	0	0	0	3.29867931584714	1.09981261257196	0	0	0	0	0	2.2621284408371	0	0	1.43046789079494	0.640380541647219	0	2.23744829302518	0	0	0.85419044052679	0	0.280690167037444	0.51556285439446	0.970021932867333	0	0	5.99728718671323	0	0	0	0	0.755381805263809	0	0	0	0	0	0	3.60251247915126	3.38234899435355	0	0	0	0	1.58901784016402	2.08099059206844	0	2.90734059452575	4.20830524969778	0	0	0	0	0.297906776162457	0	0
"CEP55"	1.66003675453423	0	0.37582890809941	0	0	0	0	0	0	0	0	0.462071878697893	0.524611486149436	0	0	0	0	0.684880769308005	0	0	0	0	0	1.30837467093956	0	1.05945095031612	0	0.296120718414293	0	0	0	0.30809043900729	0	0	0	0.288977774364678	0.908499563048811	1.00405666503834	0	0.594687557179188	0	1.18140177068617	0	0	0.743554918932111	1.70390036002217	0	0	0	0.865128506204348	0	0	0	1.05666875507083	0	0	0	0	0	0.43142564925016	0	2.2979134905489	0.622987907168652	0.604805327174515	0	0.367574891726992	0	1.18140177068617	0	6.59260452200244	0	0.28504920304204	0	0	0	0	0	5.89060806170944
"CNOT7"	1.94627454389183	0	0.771987959288746	0	0.834776341738749	0	0	3.95571239095731	3.44380402704672	1.51058221731944	0	2.19873826485075	4.4268416988685	1.09390438621581	1.81493339513739	1.36316631260945	3.23353253487733	0	0	0	0	0.917670437694028	3.84435760722754	3.00404619983587	1.74448040700602	3.84853220057852	0	0.239509030345121	0	0	0	0.249383421310143	4.4319382894482	0	0.331447423851951	3.73388527374713	4.35514242185012	0.48392694394843	5.66387383292179	0.62212441283699	0	3.83961802726312	0	0.952567890929119	4.83415316104611	4.39120617079016	0	0	1.47411151847414	1.2030687786881	0	0	2.92684662364984	0	3.5406818420024	3.10390768265818	0	0	1.10821079712235	0.351947554364243	5.45166961681001	4.98667625635773	2.14552651167837	2.03416029207333	0	0.852016237364368	0	4.17675855076542	0	4.48426403791224	1.8951029988219	0.603551337482608	0	0	0	1.58383031750559	0.871260219588537	0
"CTBP1"	0	0	0	0	0	0	0	0	0	0	0	0	0	0	0	0	0	0	0	0	0	0	0	0	0	0	0	0	0	0	0	0	0	0	0	0	0	0	0	0	0	0	0	0	0	0	0	0	0	0	0	0	0	0	0	0	0	0	0	0	0	0	0	0	0	0	0	0	0	0	0	0	0	0	0	0	0	0
"DAPK1"	0	0	0	0	1.93883134160625	0	0	0	0	0	0	0	1.17451225256186	0	0	1.09588089986761	0	0	0	0	0	0	0	0	1.93883134160625	0.697393591029922	0	0.725206118052655	0	0	0	0	0	0	0	0	1.81325014178298	0	0	0	0	0	0	0	0	0	0	0	0	0	0	0	0	0	0	0	0	0	1.62762447283224	0	0	1.16850324244517	0	0	0	0	0	0	0	0	0	0	0	0	0	0	0	0
"DDX39A"	0	0	0	0	0.90802832389085	0	0	0	0	0	0	0	0	0.96477540848221	0	0	0	0	0	0	0	0	0	0	0.90802832389085	0.971732766289123	0.844444675348144	0	0	0	0	0	0.462012372509146	0	0	0	0.47385349561119	0	1.84222008110926	0.202592808373225	0	0.357321122738591	0	0	0.377306894935476	0.415355844179769	0.654967819500187	0	0.996003124281614	0	0	0	0	0	0.54362529938948	0.239779470548059	0	0	0	1.16101696276702	0	0.825236115329178	0.780919840025446	0.547663763262944	0	0.71649710913235	0	0	0	0	4.47853761129416	0.255414841567835	0	0	0	0.399675959630656	0.300877664441732	0
"DMRTB1"	0	0	1.25300143880875	0	0	0	4.39810728130626	0	0	0	0	0	0	2.11332430822307	1.03915214815547	1.50817002679433	0	2.73308329058253	10.4058862117506	0	0	0	1.64075118314236	0	0	2.33108091192117	2.37055075819424	1.64075118314236	0	0	0	0	0	0	2.47099137545683	0	0	1.11683518483328	2.95949213664162	0.840359077455355	0	0	0	0	0	0	0	0	6.78788767977175	0	0	8.4281258234724	7.86669625764121	0	0	0	0	0	2.95949213664162	0	0	1.59618765557609	1.8116994928708	1.14433787249279	0	0	0	2.78541424555015	0	0	0	0	0	0	0	0	0	0
"EIF4EBP2"	0	0	0	0	0	0	0	0	0.36993649126753	2.02263820304331	0	0	1.9556866863208	0.955796911398909	0	0	0	0	0	0	0	0	0	0	0.721587963233387	2.04669604730825	0	1.13526331936519	0	0	0	0	2.83771774083394	0	0	0	0	0.41152693833985	0	0.920734727416903	0	0.502029099863877	0	0	0	0	0	0	1.98018755928826	0	0	0	3.57775745548944	0	0	0.618741604404938	0	0	0	0	0	1.44069286914052	0.437807418656286	0	0	0.251569238308847	0	0	0	0	0	0.363812769184419	0	0	0	0.773226937578941	0	0
"EXOSC1"	0	0	0	0	2.32217907601315	0	0	0	1.48641499707017	0	0	0	1.47239522292667	0	0	0.850315907043728	0	1.15667747968313	0	0	0	5.03457404907703	1.9131197510428	0	6.44325360984959	2.74498823715107	0	0.546993448299989	0	0	0	0.567289786948368	1.44519823804219	0	0	0	0.916408612648194	1.01254193345743	0	0	0	0.71496537056418	0	0	0	0	0	0	3.33326587355283	0	0	3.14867018098301	4.15872551569633	0	0	0	0	0	1.98208695664441	0	2.78686461909657	2.43401235723327	1.4001254512903	0	0	0	0	1.1908598505348	0	0	0	0	0	0	0	0	0	0
"EXOSC5"	1.05449572041944	0	0.531152822099459	0	0	0	2.89955318187977	0.920830669561872	0	0	0	0.885148671747307	0	1.04989891299652	0	0	3.15875356819391	1.89768041826864	0	0	0	3.4680272112094	0	5.26846292060274	0.798499477989886	2.90419016396557	1.22780134046984	0.423058575797445	0	0	0	0.439428217682283	1.18492991060081	0	0	0.41326606267969	0	0.460500169955206	4.36654469059403	0	0	0	0	0	1.59312695933104	0	0	0	2.12275373992047	0.495245269862728	0	0	0	1.38708022363615	0	0	0	0	1.06381663503931	0	4.8753778958356	5.39280198869564	0	0	0	0	0	0.962157559767256	0	0	0	0	0	0	0	0	0.476324067310408	0
"FHL3"	0	0	0	0	0	0	0	0	0	0	0	0	0	0	0	0	0	0	0	0	0	0	0	0	0	0	0	0	0	0	0	0	0	0	0	0	0	0	0	0	0	0	0	0	0	0	0	0	0	0	0	0	0	0	0	0	0	0	0	0	0	0	0	0	0	0	0	0	0	0	0	0	0	0	0	0	0	0
"GAA"	0	0	0	0	0	0	0	0	0	0	0	0	0	1.00645548519261	0.713634161527468	0	0	0	0	0	0	0	1.19210531857765	0	1.25926987457825	0	0	0	0	0	0	0.740947779487009	1.13780021029162	0	0	0	0	0	0	0	0	0	0	0.561031497135494	0.963952969268702	1.04337606544563	0	0	0	0	0	0	0	0	0	0	0	0	0	0	0	1.15531420391557	0	0	0	0	0	0	0	0	0	0	0	0	0	0	0	0
"IGF2"	0	0	0.349041858303897	0	0.933035202928446	0	0	0.242570890153359	0.495211045841986	0	0	0.760836528609668	0	0.729668500227839	0.273512538202477	0	2.5551028470568	0	5.7720975403165	0.956943919273908	0	0	0.505001896171101	0	0	1.13527894271264	0.868176503149181	0	0	0	0	0	0.476735717755099	0	0.378189373004215	0	0.853386727917304	0	0	0	0	0	0	0	1.16376717751736	0	1.13236521488725	0	0	0	0	0	0	0	0	0	0	0	0	0.401199829428535	2.3287222057705	0.848571338161059	0.581824598266638	0.309758418673361	0	0	0	0.662780405322862	0	0	0	0	0	0	0	0	0.311007931629368	0
"IKZF1"	0	0	0	0	0	0	0	0	0	0	0	0	0	1.16567160578092	0.838831186905836	1.25017922856249	0	0	0	0	0	0	0.841313774350174	0	2.14896348730161	0.810172677289385	1.35558157535928	0	0	0	0	0	1.30995930891778	0	0	0.47020344728311	0.817147217408805	0	0	0	0	1.07139829876804	0	0.370584133974533	0.665167522706786	0	0	0	0	0.561450244842194	0	0	0	0.954783367043639	0	1.7991831933324	0	0	0	0.265272306322755	2.60092581927662	0	0	0	0	0.32432389133968	0	1.67939603473186	0	0	6.05679619778695	0.464179394744268	0	0	0	0	0	0
"IKZF5"	0	0	0.426018651617337	0	0	0	0	0	0.329967459280497	0	0	0	0	0	0	0.544018155110334	0	0	0	0	1.54780340275389	0	0	0	0.651310164980071	0.322271622782416	0	0	8.84186155371044	0	0	0.350289751181114	0.576725680257577	0	0	0	0.590952785503936	0	0	0.668021784020458	0	1.06885855552771	0	0	0.474245166332527	0	0	0	1.19837417592231	0	0	0	0	0	0	0.77083710964419	0	0	0	0.342836105102035	0	0.587329705680327	0	0	0	0	0	0	0	0	4.84419223979454	0	0	0	0	0	0	0
"KLF3"	1.81870108705208	0	0	0	2.16032074802895	0	0	0	0.833047336396294	0	1.6577044737255	0	0	0	0	1.25868666528981	3.36545327604179	0	0	0	2.77603414647516	2.30371553105428	0	1.84463682268744	0	4.8659704172825	0	0	0	0	0	0	3.08273735451486	0	0	0	0	0	0	0	0	2.7144748602403	0	0	1.12661539092306	1.2146799269548	0	0	0	0.971746315608124	0	4.8226512571288	3.9657077380928	0	0	0	0	0	0	0	0	2.4812202383631	0	0	0	0	0	1.68948583748458	0	0	5.21452525307598	0	0	0	0	0	0.939684999402572	0
"LSM2"	0	0	0	0	0	0	0	0	0	0	0	0	0	0	0	0	0	1.55346871764137	0	0	0	0	0	0	0	0.757566238089229	0	0	0	0	0	0	1.60126864529279	0	0	0	0	0.485829053749619	0	0	0	0	0	0	1.38450249386424	0	0	0	1.47838014975453	0	0	0	0	0	0	0	0	0	0	0	1.73216680235668	0.759763633093769	0	0	0	0.299914043877515	2.59002989637713	0	0	0	0	0.761974108566636	0	0	0	0	0	0
"LSM3"	0	0	0	0	0	0	0	0	0	0	0	0	0.893096829503461	0	0	0	0	0	0	0	0	0	0	0	0	1.18358080097125	0	0	0	0	0	1.51664965506316	0	0	0	0.51950960795251	0	0	0	0	0	0	0	0	0.730289055333252	0	0	0	2.92163473261338	0	0	0	0	0	1.0063826185041	0	3.19266829859247	0	0	0	1.94487774611434	0.888119104827423	0	0	0	0	0	0	0	0	0	0	0	0	0	0	0	0
"MME"	0	0	0	0	0	1.82287909628344	0	0	1.55924129336318	0	1.48019420303762	0	0	0	0	0	0	0	0	0	0	0	0	1.65643537734172	1.28746714202963	0.70673626101694	0	0	0	0	3.38494753579228	0	0	0	0	0	1.18806757066091	0	0	0	0	0	0	0	0	0	0	0	0	0.846630219021358	0	0	0	0	0	0.673135642225157	0	0	0	1.23565125621741	0	1.82287909628344	0	0	0	0.884367446819665	0	0	0	0	3.45971682107938	0	0	0	0	0.608625196580224	0	0
"MORF4L1"	1.07439588760536	0	0	0	0	0	0	0.384834573188979	1.01838177295695	0	0	0.902761459092744	0.742852653063699	0	0.431391102298967	0	2.34241312875389	0	0	0	2.61316853994681	2.15222145909744	0	2.73750943307918	0.814832267008625	1.58395795646236	1.24977715722838	1.78628814108484	6.18305844319151	0	3.45319631995544	0	1.20641550474177	0	0	2.02333959065898	4.73293661628263	0.471021686564877	2.94822303404777	0.334735200513117	0	0	0	0	1.02540204517668	0	0	0	0	1.17733882259708	0	0	2.88714988884428	0	0	0	0	0	1.08383497471984	0.618517858682689	2.94822303404777	6.29537124998055	0.871354837176884	0	5.77462442481031	0	0	6.17141233043885	0	1.08383497471984	0	0	0	0	0	1.07439588760536	0	0
"MRFAP1"	1.51023710399447	0	0	0	0	0	0	0.328283695143412	0	0	0	0	0	0	0.368836926282164	0.593879105304766	0	0	0	0	0	1.28673360308489	1.11756024724036	0.961759521133048	0.708819640553549	0.875739360392263	0	0	4.9517187917901	0	0	0	1.400223069012	0	0.504113424647896	0.361392752709488	0	0	0	0	0	0	0	0.28259243955469	0	0.568531304807704	0	2.66622135857958	1.28673360308489	0	0	2.58282933645748	0	0	0	0	0	0	0	0.200551432980557	2.72574701158468	1.69369282009606	0	0	0	0	0	6.72760178616619	0	0.952958082914121	0	0	0	0	0	0.944321929245798	0	0
"MRFAP1L1"	0	0	0	0	1.4331569423767	1.3203925346187	0	0.424809533388326	0	0	0	0.405628712739701	0	0	0	0.75057333136292	0	0	0	0	0	0	0	0	0	0	1.34676546689202	0	0	0	3.60251247915126	0.495159718765803	0	0	3.60988980867693	0	0	0	2.58882630550764	0	0	0	0	0	0	0	0	0	1.55053902700129	0	0	0	0	0	0	0.433787992143812	0	0	0	0.485105789722485	3.09155360673698	1.3203925346187	0	0	0	0.806258260095465	0	2.91508619767501	0	0	0	0	0	0	0	0.389165031644146	0.925807452723397	0
"MTA1"	0.554976086077528	0	0.255659109460743	0	0	0	0	0.175933545601532	0.367462297192644	0	0.48543427644206	0.691442904810651	0	0	0.670342173257725	0	0	0.481134083416996	0	0	0	0.791424386543358	0.375045399742469	0	0.402765520484567	0.991945681832464	0.66414233311017	0	0	0	1.63744761257306	0.208023804728632	0.873523312643356	0	0.510545430206692	0.900672331966006	0	0	0.963486825915248	0.151585021726853	0	0.270858373149747	0	0	0.730289055333252	0.316337765433983	0.508154643928543	0	1.29957576233382	0.236837880953437	0	0	1.89310384895209	0	0	0.483992283645022	0	0	0	0.381609331202534	0	1.57778433743769	0.434943842698601	0.226071860985233	0	0	1.01937853488258	2.3591020837392	0	0	0	0	0	0	0	0	0	0
"NMI"	0	0	0	0	0	0	0	5.21565918740697	0	0	0	0	0	0	0.448710543924241	0.711771799197414	0	1.56233100583873	0	0	0	0	0	0	0	0	1.95787122122043	0.450216149019093	0	0	0	0	0	0	1.03392213218798	1.04927591665018	0	0	0	0.863975683690623	0	1.0137240435966	0	0	0	0.682478788991422	0	0	0	0	0	0	0	0	0	2.39554524287536	0	0	0	0	0	1.26266384878224	0.901599599324692	0	0	0.950783738405034	0	1.0137240435966	0	2.17502995690355	4.52737512809159	1.78997681715192	0	0	0	0.366676073103522	0	0
"OR10AG1"	0	0	0.739052862275387	0	1.07816763607642	0	0	0.533638606946075	0	0	0.757201268973523	0	0	0	0	0	0	0.751051360225348	0	0	0	0	0	1.41142367000893	0	0	2.00945432564015	0.328988168661667	0	0	0	0	0.564243302046266	0	0	0.583643998593337	0.578220068016371	0.35910337132617	0	0	0	0.4397376722629	0	0.250365130281489	0.813961752254499	0	0	0	0	0	0	0	0	0	0	0	0	0	0	0	1.4001254512903	0.574660509694876	0	0.370412477349344	0	0.407317910877452	0	2.19016499840457	0	0.863639302092474	0	0.576434720815082	0	0	0	0	0	0
"PCNA"	0	0	0	0	0	1.896247532632	0	0.69825124202138	0	0	0	0	0	0	3.25048950357257	0	0	2.74418327649788	0	0	0	0	0	0	0	0	0	0	0	0	3.47683742734605	0	0	0	0	0	0	0	0	0	0	0	0	0	0	1.12220585298126	0	0	0	0	0	0	0	0	0	0.711736081719052	0	0	1.71371393830958	0	0	2.34586637793098	0	0	0	0	0	1.57659204612801	0	0	0	0	0	0	0	0	0	0
"PIAS1"	0	0	0.176630057657467	0	0	0.465716108693403	0	0.835205616410731	0.57255977704465	1.01513153625246	0	0.993744458950722	2.15536265906109	0.393105242021271	0.761534476273011	1.02993034925888	0	1.04518604001298	0	0.533907404635781	1.96989345385904	1.78849212620984	0.484253820624143	0.403953558401217	0.282537097664913	1.67021547484056	0.477911277883146	0	0	0	0	0.790228187739837	2.40206309424436	0	0.362015197161821	1.35218464667587	0.970609537702817	0.286954329456304	0.712093421157845	0.375949173561938	0	0	0	0.373076748673769	1.12462430590329	1.49139456344826	0.360235392882469	0	3.36838261561453	0	0	3.24930267654694	1.49741816407904	0	0.537851143866281	0.700254234613913	0	0	0	0.071558061061896	1.18672806458109	0.965327480173533	0.3061021137361	0.424257661460251	0	0.251569238308847	0.756958155992999	4.16395187617045	0	0	4.13073210126927	0.363812769184419	0	5.70194703941372	0	0.10941082935386	0.75431452089541	0
"PLEKHG7"	0	0	0	0	0	0	0	0	0	0	0	0	0	0	0	0	0	0	0	0	0	0	0	0	0	0	0	0	0	0	0	0	0	0	0	0	0	0	0	0	0	0	0	0	0	0	0	0	0	0	0	0	0	0	0	0	0	0	0	0	0	0	0	0	0	0	0	0	0	0	0	0	0	0	0	0	0	0
"PPID"	0	0	0	0	0	0	0	0.631613938506703	0	0	0	1.45216427321842	0	0	0	0	0	1.08247592062232	0	0	1.34073362177478	0	0	1.23767257871271	0	0	0	0	0	0	0	0	0	0	0.925337879737409	0	0.488894023044229	0.300113766520415	0	0	0	0.662780405322862	0	0	0	0	0	0	1.0226823147862	0.324083229963261	0	0	0	0	1.27755868074819	0.644079207183146	0	0	0.740366649058347	0	1.22724862034436	0.485796130886316	0	0	0	0	0	0.662780405322862	0	0	0	0	0	0	0	0.221048441629609	0	0
"PSMC1"	0	0	0	0	0	0	0	0	0	0	0	0	0	0	0	0	0	0	0	0	0	0	0	0	0	0	0	0	0	0	0	0	0	0	0	0	0	0	0	0	0	0	0	0	0	0	0	0	0	0	0	0	0	0	0	0	0	0	0	0	0	1.3203925346187	0	0	0	0	0	0	0	0	0	0	0	0	0	0	0	0
"PSMC2"	0	0	0.611338856822926	0	0	0	0	0.436145642759688	0	0	0	0	0	0	0.851887179554272	0	0	1.65749280809629	0	0	2.7886803356372	0	1.38736727567651	0	0	0.469342002802433	0	0	0	0	0	0	0	0	0	0	0.829953601842059	0	1.84222008110926	0	0	0.643477524099052	0	0	2.80287513665508	0	0	6.80493144380751	4.24034507551178	0	0	0	3.06823532612824	0	0	0	0	0	0	0	1.84222008110926	0.825236115329178	0	0	0	0.598889204283877	0	2.72702721586746	0	0	2.8245228751562	0	0	0	0	0	0	0
"PSMD2"	0	0	0	0	0	0	0	2.55860094518199	0	0	0	0	0	1.97482863296389	0	1.39226679719567	0	2.57924784079514	0	0	0	2.48374861694171	0	0	0	1.47296683927649	2.22490207791062	0	0	0	0	0	2.16576038158256	0	0	0	0	1.02117783604519	0	1.25868666528981	0	0	0	0	3.88820948991522	0	0	0	3.34865440131572	0	0	0	0	0	0	0	0	0	0	1.27944688185716	0	0	0	1.04708170830121	0	0	0	0	0	0	0	0	0	0	0	0	0	0
"PSMD5"	0	0	0	0	0	0	0	0	0.751689701373301	0	0	1.11071177888758	0	0	0.763043112033933	0	0	0	0	0	2.61316853994681	2.15222145909744	0	0	0	0.736362951550166	0	0	0	0	0	0	0	0	0	0	0	0	2.45382106391971	0	0	0.980844298728532	0	0.601946795728993	2.85063129582058	3.77753479116088	0	0	3.50275723786597	0	0	0	0	0	0	0.701668766838312	0	0	0	0	2.45382106391971	0	0	0	0	0	0	2.29115568671191	0	2.45382106391971	0	0	0	0	0	0	0	0
"QKI"	0	0	0.255659109460743	0	0	0	0	0.721132780647356	0.195398991473683	2.01437491176862	0.48543427644206	0.453057851834702	0.893096829503461	0.552146944568607	0.198949953545348	0	0	0	0	0.736976023135982	1.66515070074892	4.32195286356748	0.375045399742469	0	0	0.991945681832464	0	0.53138949364835	0	0	0	0.208023804728632	0	0	0.886883602371947	0.194703979010853	0.362575873266113	0.863129932343582	0.963486825915248	0.288746396662987	0	0.69561653842144	0	0.150336853175118	0.909679874143987	0.985983348907371	0	0	0	0	0	5.76024653771543	4.66840355588628	0	0.418232338191062	0.179981723990988	1.89310384895209	0	0	0.105273877831688	0.963486825915248	1.43377311789733	0.233801085216454	0.593533307887511	0	0	1.01937853488258	1.16295299953526	0	0.560723350684875	0	0	0	0	0	0.15999862109021	0.749857453485135	0
"RBBP4"	0	0	0	0	0	0	1.93973555377811	0	0	0	0	0.319429132415633	1.10541127173903	0	0.921396643553683	0	0	0	0	0	0	0	0	0	0.721587963233387	0.361419967994579	0	0	0	0	0	0	0	0	0	0.662086158893938	0	0	0	0	0	0	0	0	0	0	0	0	0	0	0	0	0	0	0	1.22579196937435	0	0	0	0.20483292136319	0	1.44069286914052	0	0	0	0	0	0	0	2.27174741731684	0	0	0	0	0	0.3061021137361	0.425905002351413	0
"RBBP8"	0	0	0	0	0	0	0	0	0	0	0	0	0	0	0	0	0	0	0	0	0	0	0	0	0	0	0	0	0	0	0	0	0	0	0	0	0	0	0	0	0	0	0	0	0	0	0	0	0	0	0	0	0	0	0	0	0	0	0	0	0	0	0	0	0	0	0	0	0	0	0	0	0	0	0	0	0	0
"RBFOX2"	2.31130863603468	0	0	0	1.89553201440116	0	0	0.630249288398324	0	0	0.883476357593127	0.60356410665351	0.681169898905231	0	0	2.09619919831036	0	1.41793632255925	0	1.26785063707782	0	5.56384072332566	0.70222429859021	0	0.748588222959226	1.13318165203055	1.16010053948551	0.70222429859021	4.09182591245522	0	0	0.726973178525777	0.665229758937882	0	0.923515306040446	0	1.14200750035818	0.758622617784052	1.58805437194578	1.26538913452311	0	1.85482980400503	0	0.549832673368557	0	0	0	1.95096758390634	7.36283565186627	0	0	0	6.62139953692789	0	0	0	0	0	0	0	0	1.13610762742627	0.801675649101339	1.0530255146016	0	1.37693666814567	0	2.16654011471854	2.07392235458276	0	0	0	0	0	0	0	0	0
"RBPMS"	0.692596368317776	0	0.593879105304766	0	0.884367446819665	0.803181992740964	0	0.226934991021074	0.251569238308847	1.58325622171202	0	0.216020707664193	0.459718352139384	1.15368758058568	0	0	1.70871596502461	1.02844169889067	0	0.907381193824297	0	5.03009371423562	0	0	0	0.455321277564807	2.02554894886617	0	3.45710437385735	0	1.91565579981475	0	0.78963147696673	0	0	0.250691188647011	0	0	0	0.522600592787507	0	0.625284211203141	0	0.65719164713893	0.365698036822173	0.975282492035839	0	0	6.8720884070703	0	0	7.10249390813944	0	0.944321929245798	0.52776434475243	0	2.19064532889003	0	0	0.762114900607021	0	1.08230628960302	0	0	0	0.168844289326163	0	1.66450954803045	0	0.699455572702054	2.78071397605441	0.642287238296088	0	0	0	0	0	0
"REEP2"	0	0	0	0	0	0	0	0.623514902916039	0.264873102103321	0	0	0.424119919059683	0	0.720597590674569	0.269573228306992	0	0	0	0	0	2.00618934931195	0	0.498258481606107	0	0.922145641859741	0	0	0	0	0	1.97577189753453	0.281566627347575	0	0	0	0	0.482331665173063	0.295829174612559	2.31036093642447	0	0	1.58915558338449	0	0	0	1.01575014193733	0	0	1.01106832422196	0.319492853344746	0	2.17634307675992	2.25444188360025	0	0	0	2.25444188360025	0	0.731193607717082	0.144282904790087	2.65078647979409	1.57055272431622	0.574244655228232	0.557225863545295	0	0	0	1.72058214844468	0	0.731193607717082	2.03771201241545	0.260334501554985	0	0	0	0.407006589086463	0.559297148870274	0
"RING1"	0	0	0	0	0	0	0	0	0	0	0	0	0	0	0.872275082485269	0	0	0	0	0	0	0	1.41553333741597	0	0	0.842775251172038	0	0	0	0	0	0	1.355035472558	0	0	0	1.38122368363656	0	0	0	0	0	0	0	0	0	0	0	0	0	0	0	0	0	0	2.9480361794394	0	0	0	0	0	2.06551400807702	0	0	0	0	0	0	0	0	3.76085128521018	0	0	0	0	0	0	0
"RYBP"	0	0	0	0	0.944194258838274	0	0	0.639929630438038	0.272742268547575	0	0	0.234438714268327	0	0	0	0	0	0	0	0	1.35489902058049	1.63088436280856	0.511932283431942	0	0	0	0	0	3.57344056246678	0	0	0	0	0	0.383603360130754	0	0.495639189712473	0.769801548987348	0	0.212828758257147	0	0	0	0	0	0	0	0	0	0	0	0	0	0	2.28096103091156	0	0	0	0	0	0	0.492505435164958	0.324718476035674	0.314296308450355	0	0.183491174005205	0	0	0	0.749777997672948	0	0	0	0	0	0.418524633247546	0	0
"S100A1"	0	0	0	0	1.80757901443684	0	0	0	0	0	0	0.563109395671348	0	0	1.10306757418314	0	0	0	0	0	0	3.24966772568924	0	0	0	0	1.70916898353912	0.656539551830363	0	0	0	0.68002880739914	0	0	0	0	0	0	0	0	0	0	0	0	0	0	0	0	0	0	0	4.36953235084186	0	0	0	0	0	0	0	0	2.22906548896068	0	0	0	0	0	0	0	0	0	0	0	0	0	0	0	0	0
"S100B"	0	0	0	0	0	0	0	0	0	0	0	1.48733216283544	0	0	0	0	0	0	0	0	0	0	0	0	0	0	0	0	0	0	0	0	0	0	0	0	0	0	0	0	0	0	0	0	0	0	0	0	2.66881606376216	0	0	0	0	0	0	0	0	0	0	0	0	0	0	0	0	0	0	0	0	2.16459202389289	0	0	0	0	0	0	0	0
"S100P"	0	0	0	0	0	0	0	0	0	0	0	0	0	0	0	0	0	1.36924978950802	0	0	2.41763263542252	0	0	0	0	0	1.73920168207849	0	0	0	0	0	0	0	0	0	0	0	0	0	0	0	0	0.525381662286595	0	0	0	0	2.77531597682676	0	0	4.41054686448057	0	0	0	0	0	0	0	0	0	0	0	0	0	0	0	0	0	0	0	0	0	0	0	0	0	0
"SARNP"	0.504290866222112	0	0.230105773626593	0	0	0	1.8116994928708	0	0.473092912369918	0	0.440168949140213	0.630799084451142	0	0	0	0.547077146848739	0	0	0	0	6.56880213267585	1.20386383623729	0.613126492056761	0	0	0	0	0	0	0	1.52752925705052	0.186927411292227	0.318913226370511	0	0.648953897662511	0.330831053338564	0.327492914946417	0.196718302294796	0	0.671630155486445	0	0	0	0.258109340171773	0	0.285297238503482	0.461091999184319	0	0	0.213029606740289	0	0	2.54640959371297	0.957140835737894	0	0.161572041113983	1.77437305161866	0	0.509600896927122	0	0	1.71209487037826	0	0	0	0.325304821481323	0	0.796426292951762	0	0.509600896927122	0	0.465519682572976	0	0	0	0.274068382416671	0.204121085744623	0
"SH3GLB1"	1.15858198407391	0	0	0	0	0.803181992740964	1.51023710399447	0	0.652145948632731	0	0	0.403868464651532	0	0.385380893684738	0.662317409883114	0.421730113884477	0	0	0	0	0	1.54580398043974	0.831767689310484	0	1.42863026264385	0	0	0.256969823707738	0	0	0	0.493073000172363	0.448178282784328	0	0.354829408031456	0.250691188647011	0.459718352139384	0.281116756609148	0	0.522600592787507	0	0.346256098944121	0	0.365698036822173	0.365698036822173	0.402731679883632	0	0	0.970731203338748	0	0	0	0	0.548083555046825	0.52776434475243	0	0	0	0	0	0	6.52756811630742	1.10792572248814	0.738513274934016	0	0	0	0	1.58325622171202	1.16850324244517	0	0.247239586886303	0	0	0	0.206702450479413	0.741102905082405	0
"SH3GLB2"	0	0	0.261097389866245	0	0	0	0	0.483502669579137	0.672339635650398	0	0	0.588188829632016	1.29972553712058	0.562776771574601	0.381396921263361	1.04129875053014	0	0.490617445537262	0	0	1.07791532451557	1.31936055860998	1.33280690611621	1.56989525085018	0	1.84877082241324	1.76251364073584	0.204005808274142	3.13370895970796	0	2.41155953038263	0.56182545074193	2.22951496396011	0	0.902209190472763	1.02499096264507	0.664235399262555	0.223552632916647	4.42050412329923	0	0	0.508587648236875	0	0.153653248274022	1.0866664390505	1.46261292078035	0	1.25624344119775	1.31936055860998	0	0	0	0	0.782477275221953	0.426651150596913	0.860571252549794	0	0	0	0.695701762382835	7.14930038074938	1.73181672708752	0.622987907168652	0.230929930013813	0	0.569138259283849	0	4.19605049887558	0	0.979740456700466	1.71691147824158	0.196146901404221	0	0	0	0.565650411142747	0	0
"SNX32"	1.38902030894448	0	0.416342395690264	0	0	1.56428442484595	0	0.533638606946075	0.322235598060108	0	0	0	0	0	0	0	0	0	0	0	0	0	0	0	1.68827235932049	0	0	0.822441571282714	0	0	0	0	0	0	0	0.321137138219505	0.578220068016371	0	0	0	0	0	0	0	1.53360385454656	0	0	0	1.17693414853959	0.692140585569093	0	2.42527689585518	0	1.77758239115478	0	0.544515215872177	0	0	0	0	1.4001254512903	0.984519294829117	0	0	0	0	0	2.58231693086121	1.8571021746023	2.09710192790168	2.28007968126377	0	0	0	0	0.265888074862266	0	0
"STMN2"	0	0	0	0	0	0	0	0.954620100715447	0.336015434712696	0	0	0	0	0	0.849682220948814	0.95224298373904	0	0.778853110833879	0	0	0	1.21500434370122	0	0	0	0.595390575297362	0	0	4.83215218907268	0	0	0	0	0	0	0	1.02381370746288	0	0	0.486109080064414	0	1.51965089052896	0	0	1.7583584506106	0.529384557933027	0	0	2.65206406991353	0	0	0	2.56269721986252	0	0	0	0	0	0	0.185079503940639	2.62141139391216	0	0.398479946719084	0	0	0	0	3.85239437046766	0	0.894464398372888	0	0.599040077769764	0	0	0	0.277483639277885	0.387508791960474	0
"STX4"	0	0	0.828245039685237	0	0	0	0	0.602913577073326	0.660073528449052	0	1.37852766779139	0.577168509078177	0	0	0	1.02434258355784	0	2.52358349406384	0	1.8744880796233	2.41763263542252	1.97200505028215	0	0	1.19418722547669	1.43039122096767	0	0	0	0	0	0	1.07690731235678	0	0	0	2.14686157336381	1.56830104009388	2.26305504643009	0	0	0.868767261384363	0	0	0	0	0	0	0	0	0	3.47683742734605	0	1.26749555318	0	0	3.56770838272335	0	0	1.1448146883794	3.10435970046121	2.13850210461429	0	1.89310384895209	4.97271789596713	0	3.2041978067437	2.57449182212089	0	3.10435970046121	0	0	0	0	0	0.954783367043639	0	0
"SUPT4H1"	0	0	0.333217959570282	0	0	0	0	0.605412891055895	0.979547549471966	0	0	0.41100337071789	1.10345010757423	0	0.481610777619994	0.759457659840026	0	0	0	0	0	0	0	0	0	0.250126560705645	0	0	0	0	0	0	0	0	0	0	0.820310622425675	0.286293726191205	0	0.375108937157531	0	0.352493120145141	0	0	1.30557041912214	0	0	0	0.985006810890311	0	0	0	0	0	0	0.236411384236101	0	0	0	0.266501795703743	1.82628973319215	0.815633886296747	0.30540192221021	0	0	0	3.2107118036185	0	0	0	0	0.251845718564489	0	0	0	0	0.296736062375561	0
"SUPT5H"	0	0	0	0	0	0	0	1.12477366815774	0	0	0	1.69558244654537	0	0	1.23023959026571	2.51263896149135	0	2.20273534524111	0	0	3.44412667878045	0	0	2.4273253802774	0	1.19283311323127	0	0	0	0	0	0	1.81765996090479	0	2.2825053622611	0	0	0	0	0	0	0	0	0	2.32171888453659	0	0	0	0	0	0	0	0	2.07146168299969	2.02197425006634	2.81718417215434	0	0	0	0	0	0	1.37937781811989	0	0	3.1284360491711	0	3.09091706113327	0	0	0	0	0	0	0	0	0	0
"TEX11"	0	0	0	0	0	0	0	0	0	0	0	0	0	0	0	0	0	0	0	0	0	0	0	0	0	0	0	0	0	0	0	0	0	0	0	0	0	0	0	0	0	0	0	0	0	0	0	0	0	0	0	0	0	0	0	0	0	0	0	0	0	0	0	0	0	0	0	0	0	0	0	0	0	0	0	0	0	0
"TOPBP1"	0	0	0	0	0	0	0	1.24463201724852	0	0	0	0	0	0	0	0	0	0	0	0	0	0	0	0	0	0	0	0	0	0	0	0	0	0	0	0	0	0	0	1.73979080774531	0	0	0	0	2.49548001678533	0	0	0	0	0	7.80695144048134	0	0	0	0	0	0	0	0	0	0	0	0	0	0	0	0	4.20533556613657	0	0	0	0	0	0	0	0	2.677729948198	0
"TSG101"	0	0	0	0	0	0	3.36303882521113	1.43934458724913	0	0	1.86395736003887	0	0	0	0	0	10.2536372028737	0	7.97616044157205	0	0	6.74294411455929	2.29831250235014	0	2.39257139151212	0.950363040788074	0	0	0	0	0	0	1.50115377191303	0	0	0	0	0	0	0	0	0	0	0	0	0	0	0	4.34288582368143	0	0	0	4.24142908371316	0	0	0	0	0	0	0.584587950085938	0	3.81780018744825	0	0	0	0.699455572702054	0	4.67441692279526	0	0	0	0	0	0	0	0.827077624749899	0	0
"UBE2I"	0	0	0	0	0	0	0	0	0	0	0	0	0	0	0	0	0	0	0	0	0	0	0	0	0	0	0	0	0	0	0	0	0	0	0	0	0	0	0	0	0	4.51153697052834	0	0	0	0	0	0	0	2.04961782103304	0	0	0	0	0	0	0	0	0	0	0	0	0	0	0	0	0	0	0	0	0	0	0	0	0	0	0	0
"UCHL5"	6.63714434224435	0	0	0	0	0	1.61014735914386	0	0	0	0	0.442276880954394	0.502574988791482	0	0.281748080766267	0	0	0	0	0	0	0	0.899978172465022	0	0	0.497834404677971	0	0	0	0	2.02830227642984	0	0	0	0.695360994186261	0	0	0.309067853890782	0	0	0	0.379876567935418	0	0	0.400957460712224	0	0	0	0	0	0	0	0	0	0	0	0	0	0	0	1.25438868952893	0.869681882070998	0.329529822529499	0.318969682367583	0	0	0	0	0	0	0	0	0	0	0	0	0.582168568355786	0
"VAMP2"	0	0	0	0	0	0.899573755896106	1.65432499175429	0.841301198069122	0	0	0	0.248131898323177	0	0	0.293535320292421	0.479733769109973	1.86230688065852	0	0	1.60156286581385	0	1.0807821101517	0	0	0	0	0	0	0	0	0	0.306485988649152	0	0	0	0	1.66905213164795	0	1.96327966663027	0	0	0.705155619890735	0	0	0	0.805912700735727	0	0	1.0807821101517	0	0	0	0	0	0	0.685519797835561	2.3623594160782	3.95395166624666	0.786486454438345	0.157712379435122	0	0	0	0	5.16163347030446	0.365698036822173	0	0.705155619890735	0	0	0	0	0	0	0	0	0	0
"VAMP3"	1.49640287043306	0	0.809591165255101	0	0	1.30333121468252	0	0.879081574547445	0.248170284552821	0	0	0	0.453917428886469	0.380398755161702	0.654485748268274	0.416342395690263	0	0	0	0	1.26607733019492	0.960302962599124	0	0	0	0.630821431784622	0	0	0	0	0	0	0	0	0	0	0.798680278118096	0	0	0.363730045576728	0	0.849442701133922	0	0.360939770424705	0.360939770424705	0.397554682929012	0	0	1.53178661671736	0.547705713154691	3.57631679247735	0	0	0	0.521249654244515	0	0	0	0	0	1.79029994312519	1.07106631250636	0.541362106456948	0	5.33420667879215	0.166499171760786	0	0.617802975087282	0	0	1.96080297825195	0.243894321606753	0	0	0	0	0.732554735670652	0
"WDR7"	0	0	0	0	0	0	0	0	0	0	0	0	0	0	0	0	0	0	0	0	0	0	0	0	0	0	0	0	0	0	0	0	0	0	0	0	0	0	0	0	0	0	0	0	0	0	0	0	0	0	0	0	0	0	0	0	0	0	0	0	0	0	0	0	0	0	0	0	0	0	0	0	0	0	0	0	0	0
"lam"	0	0	0	0	0	0	0	0	0	0	0	0	0	0	0	0	0	1.53606998213408	0	0	2.16167763064406	1.11719759257437	0	1.34441285213847	0	0.53809389321022	0	0	0	0	0	0	0	0	0.421878681794313	0.760049435774287	0.543150504617044	0	1.33343945992059	0	0	0.411904267261258	0	0	0	0	0	0	2.77531597682676	0	0	0	0	0	0	0.27809332250944	0	0	0	0.164937781043011	0	0.931667239375889	0	0.346455980054007	0	0	0	1.21522072344899	0	1.33343945992059	0	0	0	0	0	0	0	0
"largeT"	0	0	0	0	0	0	0	0	0	0	0.92795743145237	0.353314663454373	0	0	0.737494114121252	0	0	0	0	0	0	0	0	0	1.29472804226103	1.18587964611523	0	0.416777008092794	0	0	0	1.26298670100571	0	0	0	0	0	0	1.65243072848221	0	0	0.551891196926946	0	0	0.993691233353587	0	0	0	0	0	0	0	0	0	0	0	0	0	0	0	0	1.83169745936988	0	0	0	0.278931994128753	0	1.51804396883903	0	0	0	0	0	0	0	0	0	0
"p53"	0	0	0.282106176072667	0	0	0	0	0	0.403953558401217	1.42931877509632	0	0.630367816843708	0	0	0	0.65619129671336	0	0.91216886880978	0	0	1.14367103170007	0.859203192321366	0	0	1.48214557182686	0.21083786875988	0	0.412187721440903	0	0	0	0	0	0	0	0.402613282839462	0.398645628678343	1.06676998007688	0	0	0	0	0	0.315776482059529	0	0	0	0	0	0	0	0	0	0	0.459012597292716	0.67086414950339	0	0	1.04141610400709	0	0	0	0	0	0	0	0	0.546074471811975	0	0	3.74953044717952	0.212306451548403	0	0	0	0.177149563018431	5.36603742322991	0
