# This file is generated by BLASTN_NEW
DB(Read 1) \ AD(Read 2)	ADRM1	AP2B1	ARL2	BCL2L2	BIK	BNIP3	BNIP3L	BRMS1	BTG1	CCL14	CCND2	CCND3	CDK4	CDK6	CDKN1A	CDKN2D	CEP55	CNOT7	CTBP1	DAPK1	DDX39A	DMRTB1	EIF4EBP2	EXOSC1	EXOSC5	FHL3	GAA	IGF2	IKZF1	IKZF5	KLF3	LSM2	LSM3	MME	MORF4L1	MRFAP1	MRFAP1L1	MTA1	NMI	OR10AG1	PCNA	PIAS1	PLEKHG7	PPID	PSMC1	PSMC2	PSMD2	PSMD5	QKI	RBBP4	RBBP8	RBFOX2	RBPMS	REEP2	RING1	RYBP	S100A1	S100B	S100P	SARNP	SH3GLB1	SH3GLB2	SNX32	STMN2	STX4	SUPT4H1	SUPT5H	TEX11	TOPBP1	TSG101	UBE2I	UCHL5	VAMP2	VAMP3	WDR7	lam	largeT	p53
ADRM1	0	0	6	0	8	0	1	45	9	1	8	18	10	10	12	9	0	5	0	5	1	4	6	2	10	3	5	16	0	0	3	9	3	1	20	24	15	9	1	8	0	25	0	17	4	2	9	2	3	14	0	0	1	4	16	19	0	1	11	37	0	4	36	22	1	22	2	1	1	4	3	1	0	0	0	32	11	0
AP2B1	0	0	0	0	0	0	0	0	0	0	0	0	0	0	0	0	0	0	0	0	0	0	0	0	0	0	0	0	0	0	0	0	0	0	0	0	0	0	0	0	0	0	0	0	0	0	0	0	0	0	0	0	0	0	0	0	0	0	0	0	0	0	0	0	0	0	0	0	0	0	0	0	0	0	0	0	0	0
ARL2	1	0	0	0	2	5	0	36	9	1	8	39	6	2	23	4	0	1	0	3	2	0	10	0	4	16	9	8	0	0	1	4	4	0	7	17	11	5	3	13	0	21	0	16	8	10	3	0	4	8	1	0	0	3	4	37	0	0	6	10	0	15	7	13	0	14	1	5	0	1	0	6	0	0	0	13	9	0
BCL2L2	15	0	14	0	7	9	3	36	16	1	14	13	4	7	4	4	1	2	0	8	3	4	6	2	6	9	4	13	0	0	0	10	3	0	1	20	9	11	2	2	0	16	0	8	8	6	5	0	6	5	0	0	0	2	9	21	0	0	6	12	1	1	12	14	0	10	0	0	0	5	0	14	0	0	0	16	8	0
BIK	8	0	5	0	0	3	1	7	14	1	2	19	3	7	16	3	0	0	0	7	2	0	11	0	2	19	2	4	0	0	1	7	3	0	8	15	7	20	1	19	0	10	0	17	6	9	5	2	4	24	0	0	1	2	4	12	1	0	3	31	2	5	17	11	0	27	1	3	0	5	0	16	0	0	0	23	13	0
BNIP3	4	0	12	0	2	0	0	19	15	0	6	17	3	3	7	2	2	5	0	11	0	0	2	1	3	12	9	12	0	0	1	22	3	0	4	7	3	14	5	27	0	20	0	28	7	13	2	4	3	6	0	0	2	6	9	35	1	0	0	30	2	6	10	2	0	15	0	4	4	5	0	16	0	0	0	7	15	0
BNIP3L	3	1	11	0	5	1	0	22	23	0	8	13	3	5	25	7	2	9	0	3	2	1	3	1	2	7	5	14	0	0	1	12	5	0	12	11	4	5	1	20	0	29	0	34	9	6	6	3	1	16	0	0	1	5	24	25	1	0	2	48	0	6	9	18	0	41	0	2	4	0	0	20	0	0	0	20	17	0
BRMS1	9	0	21	0	4	6	0	4	17	1	13	35	14	17	43	6	3	2	1	12	7	6	6	2	2	13	3	17	0	2	1	12	6	0	21	21	19	3	5	25	1	14	0	24	29	16	7	3	2	11	0	0	0	4	14	55	2	0	6	30	0	5	29	39	0	29	1	3	1	8	3	22	0	0	0	14	18	0
BTG1	3	0	1	0	4	2	3	17	4	0	6	34	16	9	16	13	0	5	0	8	1	1	0	0	5	11	3	5	0	0	2	12	5	0	6	21	3	2	0	20	0	16	0	8	13	12	7	0	1	26	0	1	0	4	15	32	2	0	0	15	0	11	7	25	0	29	0	3	1	2	0	11	0	0	0	14	13	0
CCL14	6	0	10	0	2	2	0	20	16	0	5	29	3	5	35	9	0	2	0	6	0	5	7	2	3	6	2	5	0	0	0	7	1	0	7	25	1	16	1	21	0	19	0	24	9	11	11	0	4	21	0	1	0	2	11	31	1	0	1	19	0	6	17	21	0	22	2	2	0	1	0	16	0	0	0	21	15	0
CCND2	0	0	4	0	0	3	0	19	20	3	0	19	4	3	16	4	3	3	0	2	3	4	1	1	2	15	0	7	0	0	0	13	7	0	3	14	7	4	4	11	0	20	0	11	9	11	12	3	0	9	0	0	0	1	3	13	0	0	11	17	1	6	13	14	0	6	0	4	0	2	0	12	0	0	0	17	7	0
CCND3	22	0	32	0	11	5	2	72	23	0	10	0	12	11	37	24	2	6	0	5	4	0	17	3	13	21	6	24	1	0	0	19	9	0	15	44	23	8	4	13	0	47	0	19	20	39	17	3	11	9	0	0	0	9	6	68	0	0	12	26	2	17	39	27	0	16	7	11	3	7	1	29	0	1	0	39	9	0
CDK4	10	0	7	0	2	0	0	19	7	0	8	17	0	11	14	0	0	4	0	2	3	2	8	2	1	8	1	5	0	0	0	8	16	0	8	2	2	4	0	7	0	14	0	10	9	5	6	3	5	2	0	0	1	2	3	17	0	0	3	9	0	5	13	6	0	17	0	8	0	5	0	6	0	0	0	25	1	0
CDK6	6	0	9	0	0	2	0	34	9	2	7	23	8	0	15	0	3	1	0	4	4	2	2	1	3	8	2	9	0	0	0	12	3	0	12	33	6	6	0	13	0	24	0	10	17	12	13	2	1	23	0	0	0	1	6	10	6	0	3	6	2	14	10	17	0	22	0	1	2	4	0	10	0	0	0	24	8	0
CDKN1A	6	0	13	0	7	1	0	35	7	0	19	36	13	4	1	6	1	1	0	3	0	0	6	0	2	8	1	11	0	0	0	18	6	0	8	28	10	18	0	14	0	6	0	14	15	12	3	5	2	14	0	0	0	0	12	44	0	0	3	30	0	24	13	25	0	9	3	7	1	5	4	10	0	0	0	22	12	0
CDKN2D	11	0	20	0	10	2	0	33	17	1	8	62	0	0	38	0	3	4	0	4	5	9	11	7	11	19	14	25	1	0	5	10	13	0	17	19	11	22	14	9	0	23	0	11	12	12	4	2	14	28	0	1	0	7	5	22	1	0	12	18	1	36	28	22	2	23	5	6	0	12	0	12	0	0	0	45	25	0
CEP55	8	0	14	0	4	2	0	28	12	1	9	14	1	8	8	1	0	0	0	3	1	1	2	0	2	4	1	8	0	0	1	11	1	0	9	22	14	3	3	12	0	14	0	26	13	20	5	3	2	12	0	0	0	1	7	15	0	3	9	48	0	4	7	21	0	20	0	10	0	7	0	15	0	0	0	10	15	0
CNOT7	8	0	13	0	2	2	1	39	1	0	7	42	9	12	10	13	4	0	0	3	3	4	12	4	6	13	4	22	2	0	1	24	14	0	26	25	7	19	6	24	0	46	0	32	14	27	5	1	11	13	0	0	1	12	5	20	1	0	11	40	3	16	14	39	0	28	2	6	3	5	1	24	0	0	0	43	19	0
CTBP1	0	0	0	0	0	0	0	0	0	0	0	0	0	0	0	0	0	0	0	0	0	0	0	0	0	0	0	0	0	0	0	0	0	0	0	0	0	0	0	0	0	0	0	0	0	0	0	0	0	0	0	0	0	0	0	0	0	0	0	0	0	0	0	0	0	0	0	0	0	0	0	0	0	0	0	0	0	0
DAPK1	2	0	3	0	0	0	0	11	2	0	0	8	6	1	14	4	2	0	0	0	1	0	1	0	0	1	2	7	0	0	0	9	3	0	4	9	1	1	0	4	0	9	0	6	2	6	11	1	1	4	0	0	0	0	9	13	0	0	2	12	0	2	15	15	0	8	0	2	2	2	0	5	0	0	0	8	6	0
DDX39A	6	2	15	0	4	7	2	24	8	0	7	25	4	16	10	11	0	3	0	2	0	3	2	1	4	17	4	12	2	0	0	6	3	0	12	25	14	17	7	17	0	61	0	20	8	19	3	3	1	12	1	0	3	6	14	29	0	0	6	84	2	7	17	20	0	32	0	5	1	9	0	27	0	0	0	26	12	0
DMRTB1	1	0	7	0	0	3	2	1	2	2	1	11	2	0	4	5	0	0	0	1	0	0	3	1	2	7	1	10	3	0	0	5	6	0	6	3	1	2	1	6	1	4	0	1	1	1	1	0	2	3	0	2	0	3	0	9	0	0	4	7	1	11	10	3	0	1	2	6	0	4	0	4	0	0	0	5	2	0
EIF4EBP2	10	2	12	0	4	3	0	27	12	0	1	1	2	13	15	3	1	5	0	3	5	2	1	0	3	9	7	7	0	0	0	14	10	0	12	22	5	22	5	5	0	23	0	9	4	17	4	0	2	9	0	0	0	4	13	28	0	0	6	9	3	14	16	9	0	14	1	8	2	7	0	9	0	0	0	16	5	0
EXOSC1	10	0	11	0	5	1	1	12	11	0	0	6	5	3	3	16	0	5	1	1	1	7	5	0	6	7	3	13	0	0	0	10	13	0	9	25	15	4	0	10	0	8	0	7	13	26	2	3	10	3	1	2	0	2	4	12	0	0	1	16	1	16	4	8	0	9	2	1	0	8	0	5	0	0	0	12	2	0
EXOSC5	2	1	7	0	6	1	1	38	17	0	8	26	5	2	30	9	6	5	0	10	4	12	6	3	0	27	6	17	1	1	0	7	3	0	16	25	17	29	1	8	0	25	0	3	14	15	3	1	7	10	1	0	0	3	9	21	0	0	5	15	5	41	29	2	0	21	2	3	1	10	1	6	0	0	0	39	4	0
FHL3	0	0	0	0	0	0	0	0	0	0	0	0	0	0	0	0	0	0	0	0	0	0	0	0	0	2	0	0	0	0	0	0	0	0	0	0	0	0	0	0	0	0	0	0	0	0	0	0	0	0	0	0	0	0	0	0	0	0	0	0	0	0	0	0	0	0	0	0	0	0	0	0	0	0	0	0	0	0
GAA	10	1	5	0	1	5	0	7	1	0	4	8	2	6	7	5	0	2	0	4	1	4	4	1	3	9	0	8	0	0	0	16	3	0	2	3	1	9	2	9	0	1	0	0	1	3	3	0	2	1	2	1	0	6	5	11	0	1	0	21	2	1	6	2	0	2	1	1	0	1	0	9	0	0	0	10	1	0
IGF2	10	0	11	0	2	1	0	24	13	1	6	30	6	4	42	11	2	2	0	7	3	3	8	0	1	18	5	0	0	0	0	8	10	0	7	31	9	27	5	12	0	21	0	11	11	11	10	1	8	22	0	0	0	5	8	18	1	1	2	32	5	8	38	22	0	30	3	2	0	4	3	9	0	0	0	10	19	0
IKZF1	16	0	6	0	1	1	1	9	11	1	3	9	0	3	7	6	0	3	0	1	2	1	1	0	3	7	3	8	0	0	1	15	2	0	5	21	7	11	0	6	0	19	0	8	13	3	2	0	4	6	1	0	0	6	6	24	1	0	4	13	1	4	8	4	0	16	1	6	0	6	0	12	0	0	0	20	3	0
IKZF5	6	0	6	0	6	3	0	35	12	0	3	14	2	5	15	2	0	0	0	3	1	0	3	4	6	24	2	12	1	0	4	19	14	0	8	23	11	10	0	16	0	20	0	17	13	8	13	0	1	17	0	0	0	3	11	25	1	0	7	29	0	4	17	26	2	6	1	10	2	3	1	13	0	0	0	5	22	0
KLF3	2	0	8	0	1	2	1	31	3	2	3	4	4	7	4	3	3	3	0	0	0	2	3	0	1	6	1	5	0	0	0	6	1	0	9	11	7	8	2	1	0	7	0	5	11	2	4	2	2	5	3	1	1	1	8	8	0	0	2	5	2	13	11	6	0	11	1	2	1	3	2	10	0	0	0	11	7	0
LSM2	7	0	7	0	1	1	0	25	10	4	7	22	5	9	17	11	1	3	0	4	2	2	1	2	1	26	8	4	0	0	0	0	0	0	1	8	5	4	0	17	0	20	0	14	17	14	4	4	0	24	0	0	0	7	4	20	1	0	9	24	3	14	15	24	4	22	3	2	0	0	0	4	0	0	0	27	18	0
LSM3	1	0	1	0	0	1	0	32	4	0	2	6	8	5	9	3	2	2	0	1	0	0	2	0	4	9	4	6	0	0	0	0	0	0	3	14	4	9	4	9	0	10	0	6	10	15	5	1	0	5	0	0	0	1	9	16	2	0	1	5	0	8	5	0	0	10	0	6	7	1	0	3	0	0	0	24	8	0
MME	1	0	5	0	4	4	3	12	7	0	4	2	3	6	8	2	1	1	0	0	0	1	0	0	3	5	1	4	0	0	0	1	3	0	4	7	0	2	2	1	0	5	0	4	2	2	0	2	2	0	0	0	0	1	2	5	1	0	2	5	0	1	2	9	0	6	0	4	0	1	0	18	0	0	0	10	4	0
MORF4L1	4	0	7	0	0	0	3	39	12	0	3	17	2	12	17	1	0	7	0	4	7	2	3	0	10	15	6	2	1	0	4	10	4	0	0	0	0	5	5	19	0	21	0	17	17	12	5	5	3	15	0	1	0	1	12	15	0	0	1	30	1	18	17	17	0	21	1	10	2	7	2	15	0	0	0	27	27	0
MRFAP1	12	0	5	0	3	2	1	52	9	0	1	11	11	9	25	3	5	3	0	0	2	6	11	3	2	18	2	10	0	0	2	15	8	0	0	0	2	22	2	9	0	13	0	10	14	24	10	1	0	9	0	0	2	2	13	35	0	0	8	10	3	22	36	48	1	15	2	6	0	0	0	1	0	0	0	30	8	0
MRFAP1L1	5	0	4	0	2	2	0	34	9	0	6	14	5	6	11	8	4	0	0	2	0	4	3	3	10	9	0	7	4	0	1	15	2	0	2	2	1	5	2	15	0	3	0	22	13	11	1	2	1	4	0	0	0	2	7	8	2	1	8	33	0	15	16	24	2	18	0	8	0	3	0	8	0	0	0	17	13	0
MTA1	10	0	11	0	14	6	0	67	8	0	19	23	2	5	31	5	4	2	0	1	0	8	4	2	3	37	4	24	1	0	2	14	11	0	14	109	23	0	1	11	0	21	0	9	23	13	16	4	6	26	0	2	1	2	7	36	0	0	6	53	8	22	39	17	0	11	1	14	4	5	0	20	0	0	0	51	10	0
NMI	0	0	6	0	2	0	0	18	16	0	3	5	0	2	4	3	0	8	0	3	1	0	5	0	1	3	1	2	0	0	0	13	3	0	7	13	3	2	1	16	0	12	0	12	2	15	6	0	1	9	1	0	0	3	10	14	0	0	5	34	0	5	6	20	0	20	0	6	2	1	0	4	0	0	0	9	9	0
OR10AG1	7	0	5	0	0	0	0	17	11	0	4	16	1	1	9	3	2	0	0	5	1	0	1	0	2	4	0	11	0	0	0	12	5	0	7	14	1	1	0	5	0	12	0	27	4	9	11	1	1	7	0	0	0	3	2	2	0	0	0	50	6	4	6	4	0	33	6	4	3	0	3	11	0	0	0	8	13	0
PCNA	0	0	5	0	2	0	0	3	7	1	2	10	3	2	2	0	0	0	0	0	7	1	4	1	1	8	0	5	0	0	1	4	0	0	6	8	6	8	3	6	0	9	0	8	7	0	3	0	4	5	0	0	1	6	4	8	0	0	1	16	1	3	6	7	0	5	0	1	1	7	0	3	0	0	0	6	1	0
PIAS1	18	0	42	0	8	3	0	77	57	0	28	52	18	33	55	15	0	13	0	23	0	5	21	2	17	24	16	30	0	1	1	63	4	0	36	36	8	23	8	27	0	1	0	37	28	20	12	5	8	36	1	1	0	16	46	62	0	0	8	83	1	8	56	75	0	58	3	17	1	9	1	33	0	0	0	32	47	0
PLEKHG7	0	0	0	0	0	0	0	0	0	0	0	0	0	0	0	0	0	0	0	0	0	0	0	0	0	0	0	0	0	0	0	0	0	0	0	0	0	0	0	0	0	0	0	0	0	0	0	0	0	0	0	0	0	0	0	0	0	0	0	0	0	0	0	0	0	0	0	0	0	0	0	0	0	0	0	0	0	0
PPID	8	0	14	0	0	3	0	53	16	0	9	28	4	4	10	5	1	3	0	5	1	1	2	0	4	6	0	4	0	0	0	19	9	0	8	19	9	6	6	17	0	21	0	3	16	7	9	0	2	21	0	0	0	1	18	29	0	0	3	36	0	6	29	38	0	27	1	4	1	3	0	14	0	0	0	26	12	0
PSMC1	5	0	7	0	2	1	2	18	3	0	0	3	1	5	2	0	0	5	0	1	0	1	3	0	4	13	4	0	1	0	0	11	6	0	1	6	8	6	1	3	0	7	0	3	2	3	4	0	1	3	0	0	0	5	6	11	3	0	1	10	3	2	7	4	0	13	3	4	1	0	2	3	0	0	0	10	5	0
PSMC2	4	0	8	0	0	0	0	13	15	0	8	23	4	0	7	4	2	6	0	6	2	2	0	1	4	6	1	4	0	0	0	17	4	0	5	18	3	4	2	23	0	3	0	15	11	0	3	1	0	13	0	0	0	0	8	15	0	0	6	16	3	4	16	16	0	15	0	1	1	1	0	7	0	0	0	11	6	0
PSMD2	4	0	3	0	3	1	2	8	4	0	1	6	1	4	10	0	0	0	0	0	0	0	4	0	0	1	3	3	0	0	0	15	3	0	2	5	2	3	0	10	0	0	0	4	3	7	6	0	0	4	1	0	0	1	6	10	0	0	0	10	0	5	11	5	0	1	0	4	2	1	0	12	0	0	0	14	0	0
PSMD5	3	0	2	0	0	2	1	12	8	0	0	10	1	5	4	4	0	6	0	5	1	2	2	2	7	7	7	2	2	0	0	5	7	0	6	4	2	11	1	6	0	3	0	2	5	1	3	0	1	7	1	0	0	7	5	2	5	0	1	13	2	5	12	2	0	8	0	0	0	3	2	2	0	0	0	11	3	0
QKI	12	1	17	0	2	4	0	32	12	0	10	28	11	11	17	6	1	13	0	2	1	2	5	1	7	20	2	11	0	0	4	14	10	0	18	26	15	12	2	39	0	33	0	36	18	3	10	1	0	22	1	2	1	7	27	23	0	0	8	54	0	18	32	35	0	25	4	6	2	5	2	26	0	0	0	15	21	0
RBBP4	5	0	17	0	2	3	1	21	9	1	4	4	6	6	15	6	0	2	0	3	1	0	9	2	2	2	7	5	0	0	0	30	11	0	12	17	9	2	1	11	0	13	0	15	15	22	10	1	1	1	0	5	0	0	4	20	0	0	1	24	0	6	13	23	0	18	2	6	0	5	1	16	0	0	0	15	14	0
RBBP8	0	0	0	0	0	0	0	0	0	0	0	0	0	0	0	0	0	0	0	0	0	0	0	0	0	0	0	0	0	0	0	0	0	0	0	0	0	0	0	0	0	0	0	0	0	0	0	0	0	0	0	0	0	0	0	0	0	0	0	0	0	0	0	0	0	0	0	0	0	0	0	0	0	0	0	0	0	0
RBFOX2	10	0	14	0	3	2	1	19	5	0	10	38	8	3	17	7	6	3	0	6	4	2	20	0	5	27	5	10	0	0	0	13	17	0	5	32	10	17	3	14	0	34	0	14	7	8	8	1	5	22	0	0	1	4	22	17	4	0	8	24	5	20	19	17	0	19	2	1	1	1	0	11	0	0	0	26	4	0
RBPMS	7	0	11	0	5	1	0	45	13	0	4	18	14	8	30	7	7	4	0	4	4	1	4	5	3	11	1	13	0	0	1	18	10	0	8	16	3	10	3	41	1	33	0	20	8	16	15	1	3	9	1	5	0	3	5	18	0	0	4	35	0	2	22	32	0	16	0	6	0	14	2	8	0	0	0	20	27	0
REEP2	14	0	13	0	8	2	0	35	11	1	3	18	10	4	17	3	3	2	0	2	7	4	12	0	6	16	3	13	1	0	1	20	1	0	14	17	10	6	2	10	0	16	0	20	8	12	4	0	1	20	0	0	0	0	17	34	0	0	10	43	3	5	24	15	1	25	4	3	3	2	1	20	0	0	0	24	15	0
RING1	2	0	6	0	0	1	1	13	16	0	5	6	2	1	11	4	2	0	0	3	2	1	0	0	3	15	1	3	0	0	0	3	6	0	6	2	7	4	2	4	0	5	0	1	10	2	6	0	2	9	0	1	0	1	0	7	0	0	0	17	0	3	10	5	0	16	2	5	0	2	1	6	0	0	0	4	4	0
RYBP	5	0	6	0	2	1	3	43	24	0	5	26	9	14	27	5	2	6	0	10	2	3	13	1	9	13	7	18	0	0	0	11	3	0	17	14	5	10	1	14	0	32	0	28	16	21	13	1	3	22	0	0	1	2	19	1	2	0	2	38	0	9	22	8	0	29	0	3	3	7	0	32	0	0	0	14	18	0
S100A1	5	0	7	0	0	0	0	3	5	0	2	10	0	2	5	4	0	2	0	0	2	3	2	0	3	4	10	8	0	0	0	2	1	0	10	7	4	7	1	5	0	5	0	13	7	2	0	0	1	8	0	0	0	3	4	7	1	0	5	20	3	4	4	8	1	14	2	1	0	3	0	3	0	0	0	9	4	0
S100B	8	0	3	0	2	0	0	6	4	0	2	3	1	8	4	5	0	0	0	2	1	2	1	0	1	4	3	2	0	0	3	0	0	0	3	5	1	13	3	6	0	7	0	2	5	3	8	0	1	8	0	0	0	5	1	4	1	0	6	8	0	5	9	3	0	11	6	9	0	1	0	1	0	0	0	9	6	0
S100P	8	1	6	0	3	2	2	8	5	2	5	11	7	3	7	2	3	0	0	2	1	0	4	1	4	10	7	7	0	0	1	9	4	0	13	21	9	15	4	7	0	7	0	8	2	8	4	1	4	9	2	0	0	2	5	12	0	1	0	18	0	5	10	6	0	14	1	9	0	1	2	4	0	0	0	18	3	0
SARNP	27	1	10	0	2	7	0	49	44	0	5	26	9	1	30	14	7	4	0	6	7	3	6	0	4	15	2	2	0	0	0	23	3	0	36	37	9	9	5	39	0	43	0	48	24	21	16	8	4	34	0	4	2	3	39	41	0	0	2	1	5	5	38	29	0	56	1	13	2	10	5	37	0	0	0	39	24	0
SH3GLB1	4	0	22	0	2	3	1	27	15	0	14	26	4	9	33	16	0	4	0	6	5	1	7	0	17	7	8	9	0	0	0	19	6	0	12	33	13	4	3	20	0	33	0	17	28	21	9	2	2	18	1	0	0	0	9	30	0	0	4	27	4	24	16	26	0	26	1	10	4	3	1	14	0	0	0	21	9	0
SH3GLB2	30	0	20	0	13	3	0	71	19	0	11	79	31	27	48	29	5	12	0	13	2	6	21	8	35	26	14	51	0	0	1	21	9	0	33	67	52	18	4	42	0	56	0	8	45	22	16	3	8	18	2	0	1	19	41	74	1	0	10	64	10	4	46	30	0	29	1	21	0	19	0	13	0	0	0	63	18	0
SNX32	5	0	18	0	4	3	0	61	14	0	7	30	15	8	13	3	0	3	0	2	1	1	9	1	3	13	4	17	0	0	0	9	9	0	8	29	20	12	1	16	0	27	0	10	13	16	10	1	6	8	0	0	0	3	19	31	0	0	7	30	1	19	0	19	0	16	2	15	0	6	0	5	0	0	0	22	15	0
STMN2	0	0	4	0	8	1	0	35	8	0	8	15	3	6	29	5	2	2	0	1	3	0	1	1	4	9	5	3	1	0	2	15	0	0	11	31	9	3	4	32	0	13	0	26	16	14	9	1	0	19	0	0	0	1	11	34	1	1	9	27	0	3	22	0	0	30	0	12	4	6	2	23	1	0	0	26	9	0
STX4	4	0	0	0	0	4	0	5	0	0	2	1	0	3	2	2	2	3	0	0	1	0	2	1	4	6	0	0	1	0	0	3	12	0	8	7	5	6	1	1	0	4	0	4	9	3	0	1	0	0	3	0	0	2	2	0	0	0	4	7	1	5	0	2	0	0	4	1	0	1	0	2	0	0	0	4	3	0
SUPT4H1	8	0	18	0	4	0	1	22	14	0	5	30	18	20	25	14	5	5	0	11	2	1	11	0	7	8	7	9	1	0	0	37	4	1	19	36	9	4	3	14	0	32	0	20	17	30	15	5	6	15	0	1	0	2	28	56	2	0	3	29	4	9	22	62	0	0	3	4	1	2	0	18	1	0	0	14	13	0
SUPT5H	0	0	10	0	2	5	0	12	0	0	4	19	3	0	11	4	2	1	0	1	4	1	4	4	3	2	2	3	0	0	0	8	2	0	1	2	0	1	1	4	0	0	0	3	5	2	0	0	2	1	0	1	0	0	1	1	0	0	4	1	0	2	4	5	0	0	0	1	1	2	0	3	0	0	0	8	6	0
TEX11	0	0	0	0	0	0	0	0	0	0	0	0	0	0	0	0	0	0	0	0	0	0	0	0	0	0	0	0	0	0	0	0	0	0	0	0	0	0	0	0	0	0	0	0	0	0	0	0	0	0	0	0	0	0	0	0	0	0	0	0	0	0	0	0	0	0	0	2	0	0	0	0	0	0	0	0	0	0
TOPBP1	0	0	1	0	0	0	0	7	0	0	1	2	1	1	1	0	0	1	0	0	0	0	0	0	0	0	0	0	0	0	0	5	1	0	0	11	2	0	0	4	0	0	0	0	1	3	0	4	4	4	0	0	0	0	1	0	0	0	0	0	0	1	0	5	0	0	0	0	1	0	0	2	0	0	0	4	0	0
TSG101	5	0	2	0	3	1	0	18	3	0	0	4	7	0	16	3	2	1	0	1	1	0	3	0	3	3	1	1	0	0	0	4	2	0	1	9	5	8	2	2	0	10	0	2	8	3	0	0	6	7	0	0	0	0	4	7	1	0	4	5	8	11	0	3	0	7	1	6	0	0	0	3	0	0	0	15	1	0
UBE2I	1	0	0	0	3	3	0	6	1	0	0	0	1	1	0	4	0	0	0	0	0	0	1	0	0	0	1	1	0	0	0	5	0	0	0	0	3	1	0	0	0	4	0	0	1	0	0	0	0	1	0	0	0	1	0	0	1	1	0	0	0	0	0	1	0	0	0	0	2	2	0	0	0	0	0	1	0	0
UCHL5	9	0	8	0	6	1	0	11	23	0	5	36	9	4	15	2	1	4	0	2	1	0	10	1	4	4	3	10	0	0	1	7	1	0	6	17	8	8	2	16	0	22	0	24	12	16	10	5	2	20	0	0	0	0	4	24	0	0	0	49	4	9	20	41	0	19	1	11	2	4	0	1	0	0	0	24	11	0
VAMP2	5	0	12	0	6	0	0	19	14	0	8	7	3	3	8	1	0	4	0	3	1	0	3	0	6	7	4	4	0	0	0	10	0	0	19	24	9	2	0	13	0	33	0	19	1	9	4	0	3	9	1	0	0	0	3	19	0	0	5	33	0	4	17	6	0	18	0	5	0	4	0	10	0	0	0	12	17	0
VAMP3	8	0	9	0	2	5	3	37	28	0	17	12	4	4	18	10	2	2	0	5	4	3	13	2	4	7	2	17	0	0	0	16	2	0	6	19	9	16	1	40	0	33	0	31	14	17	17	2	1	16	3	0	0	6	10	10	0	0	2	49	3	2	23	20	0	39	0	8	4	3	2	23	0	0	0	14	17	0
WDR7	0	0	0	0	0	0	0	0	0	0	0	0	0	0	0	0	0	0	0	0	0	0	0	0	0	0	0	0	0	0	0	0	0	0	0	0	0	0	0	0	0	0	0	0	0	0	0	0	0	0	0	0	0	0	0	0	0	0	0	0	0	0	0	0	0	0	0	0	0	0	0	0	0	0	0	0	0	0
lam	16	0	8	0	4	3	3	44	19	1	7	25	15	13	7	6	1	4	0	1	1	7	3	4	3	12	6	18	0	0	0	33	5	0	10	48	11	4	2	17	4	38	0	23	22	11	5	2	2	18	0	0	0	3	30	52	4	0	7	23	1	10	27	60	0	27	1	8	1	7	0	20	0	0	0	4	14	0
largeT	0	0	9	0	1	0	1	5	5	0	6	12	2	2	12	2	0	1	0	0	1	0	0	0	4	5	2	6	0	0	0	13	0	0	3	4	0	4	0	10	0	5	0	11	0	1	3	2	3	6	0	0	0	0	7	12	0	0	1	19	1	6	6	10	0	20	0	3	0	0	0	9	0	0	0	6	2	0
p53	11	0	21	0	6	5	0	29	23	2	11	46	9	13	20	15	1	10	0	2	5	5	5	0	4	32	6	18	0	0	1	25	1	0	23	18	6	15	4	33	0	36	0	29	16	29	9	4	1	7	0	0	0	13	12	48	0	0	4	33	3	10	27	18	0	42	4	9	1	11	0	33	0	0	0	17	26	1
