"ADRM1"	"AP2B1"	"ARL2"	"BCL2L2"	"BIK"	"BNIP3"	"BNIP3L"	"BRMS1"	"BTG1"	"CCL14"	"CCND2"	"CCND3"	"CDK4"	"CDK6"	"CDKN1A"	"CDKN2D"	"CEP55"	"CNOT7"	"CTBP1"	"DAPK1"	"DDX39A"	"DMRTB1"	"EIF4EBP2"	"EXOSC1"	"EXOSC5"	"FHL3"	"GAA"	"IGF2"	"IKZF1"	"IKZF5"	"KLF3"	"LSM2"	"LSM3"	"MME"	"MORF4L1"	"MRFAP1"	"MRFAP1L1"	"MTA1"	"NMI"	"OR10AG1"	"PCNA"	"PIAS1"	"PLEKHG7"	"PPID"	"PSMC1"	"PSMC2"	"PSMD2"	"PSMD5"	"QKI"	"RBBP4"	"RBBP8"	"RBFOX2"	"RBPMS"	"REEP2"	"RING1"	"RYBP"	"S100A1"	"S100B"	"S100P"	"SARNP"	"SH3GLB1"	"SH3GLB2"	"SNX32"	"STMN2"	"STX4"	"SUPT4H1"	"SUPT5H"	"TEX11"	"TOPBP1"	"TSG101"	"UBE2I"	"UCHL5"	"VAMP2"	"VAMP3"	"WDR7"	"lam"	"largeT"	"p53"
"ADRM1"	0	0	0	0	0	0	0	0	0	0	0	0	0	0	0	0	0	0	0	0	0	0	0	0	0	0	0	0	0	0	0	0	0	0	0	0	0	0	0	0	0	0	0	0	0	0	0	0	0	0	0	0	0	0	0	0	0	0	0	0	0	0.658499005282202	0	0	0	0	0	0	0	0	0.280597503144892	0.839455758772437	0	0	0	0	0	0
"AP2B1"	0	0	0	0	0	0	0	0	0	0	0	0	0	0	0	0	0	0	0	0	0	0	0	0	0	0	0	0	0	0	0	0	0	0	0	0	0	0	0	0	0	0	0	0	0	0	0	0	0	0	0	1.71621889491755	0	0	0	0	0	0	0	0	0.996587452425337	0	0	0	0	0	0	0	0	0	0	0	0	0	0	0	0	0
"ARL2"	0	0	0	0	0	0	0	0	0	0	0	0	0	0	0	0.187342439732798	0	0	0	0	0	0	0.691946709447947	0	0.698751201235916	0	0	0	0	0	0	0	0	0	0	0	0	0	0	0	0	0	0	0	0	0	0	0	0	0	0	1.44616508752871	0	0	0	0	0	0	0	0	0	1.29559789440053	0	0	0	0	0	0.870337267342533	0	0	0	0	0	0	0	0	0	0
"BCL2L2"	0	0	0	0	5.21557086476527	3.36000589823408	0	0	0	0	0.554759841736509	0	0	0	0	0	0	0	0	0	0	0	0	0	0	0.530951016092525	0.104441102981268	0	0	0	0	0	0.15101899262142	0	0	0	0	0	0	0	0	0	0	0	0	0	0	0	0	0	0	0.0655652388404943	0	0	0	0	0	0	0	0	0	1.24068730491743	0	0	0	0.157979919321648	0	0	0	0	0	0	0	0	0	0	0	0
"BIK"	0	0	0	0.912688977178803	0	0.674609525003524	0	0	0	0	0	0	0	2.00226971704936	0	0	0	0	0	0	0.659528266170446	1.03212506467346	0	0	0	0	0	0	0.904514709385086	0	0	0	0	0	0	0	0	0	0	0	0	0	0	0	0	0	0	0	0	0.67868630033206	0	0	0	0	0	0	0.143926918291926	0	0.203864838611205	0	0	2.31714305017863	0	0	0	0	0	0.142199198924456	0	0	0	0	0	0	0	0	0	0
"BNIP3"	0	0	0	0	0	0	4.32012302992929	0	0	0	0	0	0.219967609770746	0	0	0	0	0.392513048130091	0	0	0	0.454316468504136	0	0	0	0	0.202688659822908	0	0	0	0	0	0.765343380756983	0	0	0	0	0	0	0	0	0	0	0.455336666990306	0	0	0	0	1.5118809898473	0	0	0	0.203174103857442	0	0	0	0	0	0	0	0	0	0	0	0	0	0	1.29524672390412	0	0	0	0	0	0	0	0	0	0
"BNIP3L"	0	0	0	0	0	5.54410452265191	0	0	0	0	0	0.297566272966982	1.21336058612043	0	0	0	0	0	0.163648578943213	0	0	0	0	0	0	0	0	0	0	0	0.907560390573819	0	0	0	0	0	0	0	0	0	0	0	0	0	0	0	0.187751679027141	0	1.0644595009112	0	0	0	0	0	0	0	0	0	0	0	0	0.554319563784695	0	0	0	0	0	0.465668057186874	0	0	0.0577367341275451	0	0	0	0	0	1.49026308365699	0
"BRMS1"	0	0	0	0	0	0	0	0	0	0	0	0	0	0	0	0	0	0	0	0	0.471507077475959	0	0	0.466074841404974	0	0	0	0	1.11780739081254	0	0	0	0.121924319034352	0	0	0	0	0	2.42973041739932	0	0	0.455302805768669	0	0	0	0	0	0	0.305890114551721	0	0.674629322372911	0	0.703853165181147	0	0	0	0	0	0	0	0	1.64881031552378	0	0	0	0	0	0	0	0	0	0	0	0	0	0	0	0
"BTG1"	0.232585575701021	0	0.0458159760791132	0	0	0	0.218152143943718	0.427628817644152	0	0	0	0	0.958425829540739	0	0	0	0	5.75994467584272	0	0	0.0910635847317454	0	0	0	0	1.08472971312552	0	0	0	0	0	0	0	0	0	0	0.317762635973705	0	0	0	0	0.431281570835368	0	0	0	0	0	0	0.644366265795797	0.316994654825846	0	0	0	0	0	0	0	0	0	0	0	0	0	0	0	0	0	0	0	0	0	0.483480559190238	0	0	0	0	0.207381783388532	0
"CCL14"	0	0	0	0	0	0	0	0	0	0	0	0	0.390767539964001	0	0	0.115255349915394	0.236250627738125	0.564038641126482	0	0	1.84837988109609	0.625872490368642	0	0	0	0	0.388005636481759	0	0	0	0	0	0	0	0	0	0.239441364506451	0	0	0	0	0	0	0	0	0.385914466373189	0	0	0	0	0	0	0	0	0	0	0	0	0	0	0.747739725058886	1.22278934830654	0	0	0	0	0	0.258133304503635	0	0	0	0	0	0	0	0	0	0
"CCND2"	0	0	0	0	0	0	0	0	0	0	0	0	5.59293753084668	3.65920347211165	3.89951333742406	0	0	0.0791304580818757	0	0	0	0.919864372682821	0	0	0	0.779153956420687	0	0	0	0	1.14787983789019	0	0	0	0	0	0	0	0	0	0	0.11550841831325	0	0	0	0	0	0.367517236473905	0.877617155283414	0	0	0	0	0	0	0	1.19264149570675	0	0	0	0.307448822369597	0	0	0	0	0	0.325678475307894	1.08229993128649	0	0.93612878820743	0	0.165224993098134	0	0	0	0	0	0
"CCND3"	0.00321171848614097	0.00570884851462375	0	0	0	0	0	0.765650093580651	0	0	0	0	6.41449411732844	5.69975067809054	4.21815586646429	0.968530609701573	0	0	0	0	0	2.60383908953597	0.69024752340892	0	0.340185011192634	1.70152211394273	0	0.940175998050829	0	0	0	0	0	0	0.670010221085692	0	0	0	0.188677106124623	0	0	0.395636210418427	0	0	0.557120858823429	0.620171724236424	0.981749532067531	0.643560210938305	2.59011943530957	0	0	0	0.785472334711183	0.0622141942095501	0	0	0	0	0	0	1.74160180250163	2.7958346413196	0	0.110537396464506	0	0	0.928333002487498	2.17353572535252	0	0	0	0.452044265976459	0	0	0	0	0	0
"CDK4"	0	0	0	0	0.00489317006288776	0	0	0	0	0	2.66621444997653	4.76260162051182	0	0	0	0.368804613805133	0	0	0	0	1.98047420608322	0	0	0.22409387816167	0	0.75388437659398	0	0	0	0	0	0	0	0	0	0	0	0	0.22835640003323	0	0	0	0	0	0	0	0	0	0.073240179556795	0	0.435054323068564	0	0	0	0.917458727413879	0	0	0	0	0	0	1.39212327429961	0	0	0	0	0	0	0	0	0	0	0	0	0	0	0	0
"CDK6"	0	0	0	0	0	0.943668438781635	0	0	0	0	3.36690120794477	5.72394048011558	0	0	0	2.31965262809614	1.59671306699835	0	0	0	0.141775599898805	0.000311123178163886	0	0	0	0.647083731249687	0	0	0	0	0	0	0.618241613505144	0	0	0.07264661017299	0	0	0	0.0286462888899661	0.506044183736948	0	0	0	0	0	0	0	0	0	0	0	0	0	0	0	0	0	0	0	0	0.625833465089333	0	0	0	0	0.194773317445067	0	0	0	1.11859957749959	0	0	0	0	0	0	0
"CDKN1A"	0	0	0	0	0	0	0	0	0	0	5.49408861065911	5.0210142994735	0	0	0	0	0	0	0	0	0	0.790120926620271	0	0	0	0.727194508169249	0	0	0	0	0	0	0	0	0	0	0	0	0	0	1.08901601670474	0	0	0	1.47415112726739	0	0	0	0.27486038865704	0	0	0.607797776631739	0	0	0	0	0	0	0	0	0	1.17141170612591	0	0	0	0	0.477867056385475	3.33602091846622	0	0	0	0	0	0	0	0	0	0
"CDKN2D"	0	0	0	0	0	0	0.573463081486987	0	0	0	0	0	0	0	0	0	0.632900902516829	0	0	0.227104837380135	0.465486371042549	3.48582790715837	0.318416193810714	0.459857341248779	0	3.13269177857663	0	0	0.143775245587883	0	0	0	0.101720608213403	0	0	0	0	0	0.464453110469983	0	0.164169287561681	0	0	0	0	0	0	0	3.81467094506855	0	0	0.0372129204162149	0	0	0	0	0	0	0.536316045961819	0	2.15417761446414	2.26148245680942	0	0	0	0	0	1.20426485066408	0	3.05532872198031	0.0442981601016028	0	0	0	0	0	0	0
"CEP55"	0.105404438713187	0	0	0	0	0.0228019563123104	0	0	0	0	0.259336305103991	0	1.25795296327379	0.598231643791303	0.424360744211826	0	0	0	0.349062687392659	0	0	0	0	0	0	0	0	0	0	0	0.102803008138664	0	0	0	0	0	0	0	0	0	0.341854219085194	1.07292626631739	0	0	0	0	0	0	0.555906395071571	0	0	0	0	0.157895728764607	0	0	0	0	0	0	0	0.866156652016629	0	0	0	0	0	0.767767310600316	0	6.32385996741879	0	0.359872530144699	0	0	0	0	1.02425522671967	0
"CNOT7"	0	0	0.621454181681493	0	0.941979469436348	1.19496854747876	0	4.82054408397353	3.74804085270987	0	1.45867370173237	0	5.12463038186022	0.576450275935982	1.48127058247334	1.00012015070721	1.32179363283635	0	0	0.476016290098417	0	0	2.82535841706222	2.07305061762356	1.3048190778371	4.93373682826132	0	0.0692089437774578	0	0	0	1.96815755478074	5.31853354880692	0	0.575250734958884	4.31979545879362	4.43524833418871	0	4.12092231713904	0	0	3.73702805535825	0	0.128606256729185	5.31866794198821	4.58160654928392	0	0.0656907247793211	1.95443517478725	3.97915157098542	0	0	0	0	2.22932838444554	2.32235630706313	0	0	0.254778918543232	0.81622737059001	3.10322413496749	5.0906550065894	1.7464221410349	2.38481750776353	0	0	0	4.3199429271352	0	4.19517040563245	0.213380639190624	0	0	0	0	0.0130166492170909	1.57631746540545	0
"CTBP1"	0	0	0	0	0	0	0	0	0	0	0	0	0	0	0	0	0	0	0	0	0	0	0	0	0	0	0	0	0	0	0	0	0	0	0	0	0	0	0	0	0	0	0	0	0	0	0	0	0	0	0	0	0	0	0	0	0	0	0	0	0	0	0	0	0	0	0	0	0	0	0	0	0	0	0	0	0	0
"DAPK1"	0	0	0	0	0	0	0	0.66052703091102	0	0	0	0	0	0	0	0	0	0	0	0	0.291638644349095	0	0.401547664686804	0	0	0	0	0	0.583403610896459	0	0	0	0	0	0	0	0	0	0	0	0	0	0	0	0	0	0	0	0	0	0	1.20553066834534	0.569879993261476	0	0	0	0	0	0	0	0.313151901710597	0.783395475204577	0	0	0	0	1.05089837415896	0	0	0	0	0	0	0	0	0	0	0
"DDX39A"	0	0	0	0	0	0	0	0	0	0	0	0	0.230290637624645	0	0	0	0	0	0	0	0	0	0	0	0	0	0	0	0	0	0	0	0	0	0	0	0.720410805064182	0	0	0	0	0.00679349512044776	0	0	0	0	0	0	0	0	0	0	0	0	0	0	0	0	0	0	0	0.124260974922144	0	0	0	0	0	0	0	0.422383125974378	2.49096253784386	0.40392228038206	0	0	0	0	0	0
"DMRTB1"	0	0	0.322550797254519	0	0	0	0	0	0	0	0	0.375001391877092	1.18172044030053	0	0	0.455236607265962	0	0	1.29758063924781	0	1.04568236181474	0	0	0	0.433574676306378	1.05748876172012	0	0	0	0	0	0	0	0	0	0	0	0	0	0	0	0.690157754173357	0	0	1.17523387674014	0	0.0434398668364899	0.391938669591647	4.83036256831919	0	0	4.4495432674001	4.54780509376093	0	0.52785281890211	0	0	0	0	0	0.33721424970343	1.49443492015194	0	0	0	0	0	0.596300791161366	0	0	0	0	0	0	0	0	0	0
"EIF4EBP2"	0	0	0	0	0	0	0	0	0	0	0	0	0	0	0	0	0	0	0	0.517241238081816	0.0417226232695374	0	0	0.0352802820555041	0.625747591106	2.49188570606042	0	0	0	0	0	0	2.29229903365773	0	0	0	0	0	0	0	0.349437542580696	0	0	0	0.317496554183947	0	0	0	0.573175922047779	0.250749625710471	0	0	0	0	0	0	0	0	0	0	0.733677370369466	0.89260123481754	0	0	0	0	0.091104863530611	0.266258818905893	0	1.0943541953205	0	0	0	0	0	0	0	0
"EXOSC1"	0	0	0	0	0	0.272538147684112	1.08691877233556	0	0	0	0	0	1.13163448976625	0	0	0	0	0.0585005263335245	0	0	0.252634269646749	3.76013874178408	0	0	4.95176695875044	3.10004470959734	0	0	0	0	0	0	1.25583708643459	0	0	0	0	0	0.970039755688303	0	0	0	0	0	0	0.656873140470165	0	0	1.68984551503506	0	0	0	2.55557132278239	0	0	0	0	0	0	0	1.46109974686625	1.44639895056825	0	0	0	0	0	0	0	0.881996960325803	1.15518245012484	0	0	0	0	0.0243854552168638	0.392506212168986	0
"EXOSC5"	0	0	0	0	0	0	0.0403435733013359	0	0	0	0	0	0.672867436098704	0	0	0	0.105130879768148	0.364960828893411	0	0	1.26466179636516	2.80289619406878	0	4.2408227745296	0	2.93803210827911	0.675766183777779	0	0	0	0	0	0.228098424563623	0	0	0	0	0	0.932160168571178	0	0	0	0	0	0.114715183166549	0	0	0	2.03761791370725	0	0	1.05630656850845	0.185156169580092	0.0227165465495588	0	0	0.0872327140079121	0	0	0	2.26479782746818	3.71829013074874	0	0	0.185357045400441	0	0	1.87055670726759	0	1.19346565939741	0	0	0	0	0	0	0	0
"FHL3"	0	0	0	0	0	0	0	0	0	0	0	0	0	0	0	0	0	0	0	0	0	0	0	0	0	0	0	0	0	0	0	0	0	0	0	0	0	0	0	0	0	0	0	0	0	0	0	0	0	0	0	0	0	0	0	0	0	0	0	0	0	0	0	0	0	0	0	0	0	0	0	0	0	0	0	0	0	0
"GAA"	0	0	0.497589272759308	1.13547475784342	0	0	0	0.0766391081120348	0	0	0	0	0	0	0	0.268163004695429	0	0.708117531955877	0	0	0.152214148203293	0.769989731001723	0	0	0	0	0	0	0.456719425277886	0	0	0	0	0	0	0	0	0	0	0	0	0	0	0	0.472309757690953	0	0	0	0	0	0	0.361622980416356	0	0	0.340847741061101	0	0	0	0	0	0	1.61985506924933	0	0	0	0	0	0.940743325141051	0	1.27519653614078	0	0	0	0	0	0	0	0
"IGF2"	0	0	0	0	0.145326698850276	0	0	0	0	0	0	0	0.041074217272922	0	0.161928407636062	0	0	0	0.273409945174559	0	0.34083495693036	0.957110628033574	0	0	0	0	0	0	0	0	0	0	0	0	0	0	0	0	0.0264062067640128	0	0	0	0	0	0	0.331173526697209	0	0	0	0	0	0.184030489824212	0	0	0	0	0	0	0	0	0.0526922970349471	1.21937636117625	0	0	0	0	0	0	0	0	0	0	0	0	0	0	0	0
"IKZF1"	0	0	0	0.172717365961126	0	0	0.534965778233571	0	0	0.569323466804529	0.0816656294872464	0	0	0	0	0	0	0	0	0.272350372556417	0.847359960803021	0	0	0	0	0	0	0	0.162688431441585	0	0	0	0	0	0	0	0	0.208830336551893	0	0	0	0	0	0	0	0	0	0	0	0	0	0.0843791772813848	0	0	0	0.978066133414902	0	0	0	0	0.471938530828915	0.202260063917476	0	0	0.152464521123125	0	0	0	0	0	2.76010766975029	0	0	0	0	0	0	0.182991210849377
"IKZF5"	0	0	0	0	0	0	0	0	0	0	0	0	0	0	0	0	0	0	0	0	0	0	0	0	0	0	0	0	3.76092167577994	0.185924627469566	0	0	0	0.185711483361277	0	0	0	0	0	0	0	0	0	0	0	0.116873398343356	0	0	0.331034406675587	0	0	0.071878619691662	0	0	0	0	0	0	0	0	0	1.22485977887976	0	0	0	0	0	0.519411141907739	0	0.376396495353802	2.62362575396998	0.101907237098333	0	0	0	0	0	0
"KLF3"	0	0	0	0	0	0.346927650039736	0	0	0	0	0.6170362334909	0	0	0	0	0	0	0	2.22356237880936	0	0	0	0	0.32228595893424	0	4.60256321371391	0	0	0	0	0	0.567733203668576	0	0	0.436176707611664	0	0	0	0	0	0	0.172112605519522	0	0	0	0	0	0	0	0	0	1.28241622202937	0	0	0	0.328869058833934	0.500836281677659	0	0	0	0	0.818498050772949	0	0	0	0	0	0	0	0	0.539893736549512	0.220577218459348	0	0	0	0	0	0
"LSM2"	0	0	0	0	0	0.106750458850682	0	0	0	0	0	0	0	0	0	0	0.296767241881997	0	0	0	0	0.710324250980241	0	0	0	0	0	0	0	0	0.187732106429791	0	0.523895316092043	0	0	0	0	0	0.084318591195984	0	0	0	0	0	0	0.46427900934743	0	0	0	0	0	0	0	0	0	0	0	0	0	0	0.117912437056948	0	0	0	0	0	0	0	0	0	0	0	0	0	0	0	0	0
"LSM3"	0	0	0	0	0	0	0	0	0	0	0	0	0	0	0	0	0	0	0	0	0.509416835804346	0	0	0	0	0	0	0	0	0	0	0.706563509835812	0	0	0	0	0	0	0	0	0	0	0	0	0	0	0	0	1.99458909428127	0	0	0	0	0	0	0	0	0	0	0	0	0	0	0	0	0.0939098717447305	0	0	0	0	0	0	0	0	0	0	0	0
"MME"	0	0	0	0	0.218662997585535	0	1.54635848107877	0	0	0	0	0.496340275892371	0	0	0	0	0	0	0	0	1.40838823697269	0	0	0	0	0	0	0	0	0	0	0.23431714829156	0.155329833403382	0	0	0	0	0	0	0	0	0	0	0	0	1.5067018819923	0	0	0.328344590453361	0	0	0	0	0	0	0	0	0	0	0	0.551800659811008	0	0	0	0	0	0	0.79397278480577	0	1.24414102571386	0	0	0	0	0	0	0	0
"MORF4L1"	0	0	0	0	0	0.84023034973891	0	0.816208663903678	0	0.304850051812392	0	0	0.991890320717475	0	0	0	0.320947417877822	0	0.437973770548792	0	0	0.722958824065505	0	0	0	0.339179987694602	0	0	0	0	0	0	0.562568348153141	0	0	1.58428810985272	3.63913986470437	0	2.51863030326053	0.579491619872434	0	1.6651827955013	0	0	0.442362757517342	0	0	0	1.52038284035894	0	0	0.328558316404074	0	0.331139982322344	0	0.514075958329765	0.300495284170474	0	0	0	0.166732866249304	5.33950908695439	0	0	0	0	0	5.77394045427845	0	0.00717931382296311	0	0	0	0	0	0	0	0
"MRFAP1"	0	0	0	0	0	0.904324788034944	0	0	0	0.0318836376464623	0	0	0	0	0	0	0.611796407699618	0	0	0	0.892922858581727	0	0	1.22144454312762	0	0	0.0931137113765851	0	0	0	0	0	0.136223784652852	0	0	0	0	0	0	0	0	0	0	0	0.0102163565048467	0	0	0	0	0	0	0	0	0	0	0	0.0316433172542129	0	0	0	0	1.19297130894395	0	0	0	0.516999958204626	0	5.55583054735613	0	0	0	0	0	0	0	0	0	0
"MRFAP1L1"	0	0	0	0	0	0	0	0	0	0	0	0	0	0	0	0	0	0	0	0	0	0.593441194495769	0	0	0	0	0	0	0.313706057076033	0	0.0793022210809585	0.576298152582092	0	0	2.73361610784834	0	0	0	0	0	0	0	0	0	0	0	0	0	0	0	0	0	0	0	0	0	0	0	0	0	0.00951956154389855	1.46663985175299	0	0	0	0	0	3.46376560731902	0	0	0	0	0	0	0	0	0	0
"MTA1"	0	0	0	0	0	0	0	0	0	0	0	0	0.12241050865991	0	0	0	0	0	0	0	0.44499854571637	1.83162651088473	0	0	0	1.54847138048599	1.13902044850103	0	0	0	0	0	0	0	0	0	0.241775054972984	0	0	0	0	0	0	0	0	0	0	0	0.75750442703227	0	0	0.793456992730782	0	0	0	0	0	0	0	0	0.470832312249976	2.20345403785866	0	0	0	0	0	0	0	0	0	0	0	0	0	0	0	0
"NMI"	0	0	0	0	0.084087082338567	0	0	4.23940003288013	0	0	0	0	0	0	0	0	0.582206504748975	0	0	0	0	0	0	0.36308177568558	0	0	0	0	0	0	0	0	0	0	0	0	0	0	0	0	0	1.10112021823624	0	0	0	0	0	0	0.172330879000591	0	0	0	0	0	0	0.35682033804425	0	0	1.23959958396431	0	0	0	0.443522532343409	0	0	0	0	0	0	0.228308000101086	1.85648895708442	0.251949031824633	0	0	0	0	0	0
"OR10AG1"	0	0	0	0	0	0	0.387166542471204	0	0	0	0	0	0	0.356828820297746	0	0	0	0.0550187263737294	0	0	0	0	0	0	0	0	0	0	0.570517499087208	0	0	0	0	0	0	0	0	0	0.255721931597399	0	0	0.0863728502405001	0	0	0	0	0	0.341865723175576	0.850087058052044	0	0	0	0	0	0	0	0	0	0	0	0	0	0	0	0	0	0	0	0	0.121483458365984	0	0	0	0	0	0	0	0
"PCNA"	0	0	0	0	0	0	0	0	0	0	0	0	0	0	2.55128727298027	0	0	0	0	0	0	0	0	0	0	0	0	0	0	0	0	0	0	0	0	0	0.16626041247283	0	0	0	0	0	0	0	0	0.312470867253101	0	0	0.519412422879802	0	0	0	0	0	0	0	0	0	0	0	0	0	0	0	0	0	0	0	0	0	1.10080249845174	0	0	0	0	0.0457392565961128	0	0
"PIAS1"	0	0	0	0	0	0	0	0.772621018422489	0	0	0.382298157000727	0	2.51915616852201	0	0	0	0	0	0	0	0	0.939375888160059	0	1.58010534174631	0.767095341790585	3.89764088120178	0	0	0	0	0.529318775909503	0	3.41932074868311	0	0	0.294015324333993	0	0	0	0	0	0	0	0	2.15065289097193	0.452216656712879	0	0	2.42863682792583	0.896445455641572	0	2.05580919136151	1.16947084064545	0.865097241599953	0	0	0	0	0	0	0.101280609289727	0.866122990310332	0	1.91553479557299	0	0	0	4.23473931022979	0	2.82028064465742	2.76274671126836	0	0	0	0	0	0	0
"PLEKHG7"	0	0	0	0	0	0	0	0	0	0	0	0	0	0	0	0	0	0	0	0	0	0	0	0	0	0	0	0	0	0	0	0	0	0	0	0	0	0	0	0	0	0	0	0	0	0	0	0	0	0	0	0	0	0	0	0	0	0	0	0	0	0	0	0	0	0	0	0	0	0	0	0	0	0	0	0	0	0
"PPID"	0	0	0	0	0	0	0	0	0	0	0	0.841401439629098	0	0	0	0	0	0	0	0	0.042423855367938	0	0	0	0	0	0	0	0	0	0	0	0	0	0	0	0	0	1.61737392069121	0	0	0	0	0	0	0	0	0	0.619578725929182	0.26356277675942	0	0.270260703823627	0	0	0	0	0	0	0	0	1.27275708824343	0	0	0	0	0	0	0.832977311389081	0	0	0	0.428078678381835	0	0	0	0	0	0
"PSMC1"	0	0	0	0	0	0	0	0	0	0	0.0251142081649878	0	0	0	0	0	0	0.310816191548293	0	0	0	0	0	0	0	0	0	0	0	0	0	0	0	0	0	0	0	0	0	0	0	0	0	0	0	0	0	0	0	0	0	0	0	0	0	0.485422358151063	0	0	0	0	0	0	0	0	0	0.10269691561881	0	0	0	0	0	0	0	0	0	0	0	0
"PSMC2"	0	0	0	0	0	0	0	0	0	0	0	0	0	0	0	0	0	0	0	0	0	0	0	0	0	0.743162171140274	0	0	0	0	0	0	0	0	0	0	0	0	0.229973755734537	0	0	0	0	0	3.85291698203679	0	0	3.96498213347813	0.053376039524572	0	0	0	0.505010555380975	0	0	0	0	0	0	0	0.956332045747033	0.175540378668362	0	0	0	0	0	0	0	0.102906745513278	0	0	0	0	0	0	0	0
"PSMD2"	0	0	0	0	0.059416477247951	0	0	0	0	0	0	0	0	0	0	0	0	0	0	0	1.63814928612168	0	0	0	0	0	0	0	0	0	0	0	0	0	0	0	0	0	0	0	0	0	0	0	1.23074225654343	0	0	0	0	0	0	0	0	0	0	0	0	0	0	0	0	0	0	0	0	0	0	0	1.33423395307385	0	0	0	0	0	0	0	0.970535060909121	0
"PSMD5"	0	0	0	0	0	0	0	0	0.319825406178521	0	0	0	0	0	0	0	1.62465119985721	0	0	0	0	0	0	0	0	0	0	0	0	0	0	0	0	0	0	0	0	0	0	0	0	0	0	0	0.901233950100257	4.14012111914357	0	0	1.1564183299423	0	0	0	0	0	0	0	0	0	0	0	1.34662953161212	0.488536249601584	0	0	0	0	0	0.00893016780723555	0	0	0	0	0	0	0	0	0	0
"QKI"	0.119250737710124	0	0	0	0.00926401168783367	0	0.751412264546691	0.354469401188586	0	0	0	0	0.361062956370866	0	0	0.487451156858447	0	1.36292819588742	0	0	0.258471831762606	4.46946772785687	0	0	0	0.718024609986425	0	0	0	0	0	0	0	0	0	0	0	0	0	0	0	0.81411070729422	0	0	0	0	0	0	0	0	0.831307004412453	2.94836907701609	2.43616567359695	0	0	0	0	0	0	0	0	0	0	0	0	0	0	0.921388332295403	0	0	0	0	0	0	0	0	0.0958802690682588	0
"RBBP4"	0	0	0	0	0	0	0	0	0	0	0	0	0	0	0	0.743057904067245	0	0	0	0	0	0	0	0	0	0	0	0	0	0	0	0	0	0	0.185100485441597	0.0640175135664907	0	0	0.813826600908799	0	0	0	0	0	0	0	0	0	0	0	0	0	0	0	0	0	0	0	0	0	0.150449411188894	2.15188067509207	0	0	0	0	0	0	0	0	0	0	0	0	0	0	0	0
"RBBP8"	0	0	0	0	0	0	0	0	0	0	0	0	0	0	0	0	0	0	0	0	0	0	0	0	0	0	0	0	0	0	0	0	0	0	0	0	0	0	0	0	0	0	0	0	0	0	0	0	0	0	0	0	0	0	0	0	0	0	0	0	0	0	0	0	0	0	0	0	0	0	0	0	0	0	0	0	0	0
"RBFOX2"	0	0.00116998098326642	0	0	0.334674815000323	0	0	0	0.354534870658344	0	0	0	1.28176964468169	0	0.22851111374445	0	0	0	0	0	0	4.02162040708696	0.333598520335769	0.155205120978989	0	0	0	0	0	0	0	0	0	0	0	0	0	0.268596499354113	0	0.740774154061206	0	0.890776182926618	0	0	0.505194604674516	0	0	0	5.58884352271542	0	0	0	2.31703067585696	0.419657073888119	0	0	0	0	0	0	0.191291879738172	1.52088164051394	0	0	0	0	0	0.464949234876454	0.335925832409485	0	0	0.410963228281544	0	0	0	0	0	0
"RBPMS"	0	0	0	0	0	0	0.926464207641812	0	0	0	1.59878815213577	0	0.917899563586559	0	0	0	0.0129787877653936	0.239408439012738	0	0	0	4.704415631633	0	0	0.663930829568197	0	0	0	0	0	0	0	0	0	0.237941825606994	0	0	0.0267347008551974	0	0.0560441543325902	0	0.388262452381004	0	0	0	0	0	0	5.87683337846739	0	0	3.58548983596012	1.02779812877164	0	0	0	0	0	0	0	1.67582323943381	0.507089091779003	0	0	0.105696233000835	0	0	0	0.0332081454821866	0.298635601794365	0	0	0	0	0	0	0.701397180306861	0
"REEP2"	0	0	0	0	0	0	0	0	0	0	0	0	0.601390118387385	0	0	0	0	0	0	0	0.856562484564959	0	0	0	0.32865533989182	0.798146361602626	0	0	0	0	0	0.240984441501614	0.272861787232093	0	0	0	0	0	0	0	0.430995654402385	0	0	0	0	0	0	0	0	0	0	0	0	0	0	0	0	0	0	0	0	1.39729489098468	0	0	0	0	0	0.115652233597967	0	0	0.348104137661602	0	0	0	0	0	0	0
"RING1"	0	0	0	0	0.13499608287156	0	0	0	0	0	0	0	0	0	0	0	0	0	0	0	0	0	0	0	0	0	0	0	0	0	0	0	0.949464154582985	0	0	0	0	0	0	0	0	0	0	0	0	0	0	0	1.03626729812505	0	0	0.668888061112244	0	0	0	0.767524687508648	0	0	0	0	0.442896947424909	2.06302084550074	0	0	0	0	0	0	0	0	0	0	0	0	0	0	0	0
"RYBP"	0	0	0	0	0	0	0	0	0	0	0	0	0.659354787466235	0	0	0	0	0	0.205064721723494	0	0	0	0	0	0	0	0	0	0	0	0	0	0	0	0	0	0	0	0	0	0	0	0	0	0	0	0	0	1.18431844603147	0	0	0	0	0	1.66311603314618	0	0	0	0	0	0	0.63336054752511	0	0	0	0	0	0	0	0	0	0	0	0	0	0	0	0
"S100A1"	0	0	0	0	0	0	0	0	0	0	0	0	0	0	0	0	0	0	0	0	0.33191106126729	0	0	0	0	0	0	0	0	0	0	0	0	0	0	0	0	0	0	0	0	0	0	0	0	0	0	0	0.142104770893632	0	0	0	0	0	0	0	0	0	0	0	0	0	0	0	0	0	0	0	0	0	0	0	0	0	0	0	0	0
"S100B"	0	0	0	0	0	0	0	0	0	0	0	0	0	0	0	0	0	0	0	0	0	0.330031277817667	0	0	0	0	0	0	0	0	0	0	0	0	0	0	0	0	0	0	0	0	0	0	0	0	0	0	0	0	0	0	0	0	0	0	0	0	0	0	1.19648483651693	0	0	0	0	0	0	0	0	0	0	0	0	0	0	0	0	0
"S100P"	0	0	0	0	0	0	0	0	0.825909541500316	0	0	0	0	0	0	0	0	0	0	0	0.16921412319662	0	0	0	0	0	0	0	0	0	0	0	0	0	0	0	0	0	0	0	0	0	0	0	0	0	0	0	0	0	0	0	0	0	0	0	0	0	0	0	0.200250478568727	0.0782878877761006	0	0	0	0	0.216028632941782	0	0	0	0	0	0	0	0	0	0	0
"SARNP"	0	0	0	0	0.122383085936942	0	0	0	0	0	0.414570826320636	0	0	0	0	0	0	0	0	0	5.31274763261295	0.722300404957607	0	0.371358613745993	0	0	0	0	0	0	0	0	0	0	0	0	1.08122267803984	0	0	0	0	0.319918102808196	0	0	0.423691678593409	0	0	0	0.678648515951237	0	0	0	0.616472056464003	0.317884515711905	0	0	0	0	0	0	1.16267987130462	0.444637251889235	0	0	0	0	0	1.09162748314962	0	0	0	0	0	0	0	0	0	0
"SH3GLB1"	0.0468642259980768	0	0	0	0	1.14833765378589	0	0	0	0.812338777040533	0	0	0	0.534347520563233	0	0.0074158224178696	0	0	0	0	0.665619770220217	1.68831985318724	0	1.13578973621734	0	0	0.83885098982092	0	0	0	0	0	0.342456847928274	0	0	0	1.41484084485251	0	0	0	0	0	0	1.80142555712525	2.32282001181502	0.291178070926849	0	0	0.501459572164508	0	0	0	0	0	0.0813552468369149	0	0	0	0	0	3.04502614797048	8.22137227355782	0	0	0	0	0	0.157319906817696	0	0	0	0.298317140042838	0	0	0	0	0.574571567055322	0
"SH3GLB2"	0.515379711531706	0	0	0	0	0	0	0	0	0.0748581600753248	0	0.155210867658448	0.706478728894856	0	0	0	0	0	0	0	0	0.666218135250028	0	0.232410777153945	0	1.22287812987278	0.693705643813399	0.899589197965424	0	0	0	0.898077584964294	0.215257157885128	0	0	0	0.331890351856279	0	1.65877144246123	0	0	0	0	0	0.636848106027735	0	0	0	1.02413310956302	0	0	0	0	0	0.542556226304327	0	0	0	0	0	6.55871238339855	0.925395875136544	1.0930653752872	0	0	0	0	3.16283949282135	0	1.05160049327246	0	0	0	0	0	0	0	0
"SNX32"	0	0	0	0	0	0	0	0	0	0	0	0	0.00429137387214206	0	0	0	0	0	0	0	0	0.244351588271444	0	0	0.179410904374704	0.85371068915077	0	0	0	0	0	0	0	0	0	0	0	0	0	0	0	0	0	0	1.06297787418654	0	0	0	0.192677992420449	0	0	0	0	0	0.286209289360532	0	0	0	0	0	0	0.760471710339373	0	0	0	0	0	2.43889845576705	0	1.99950929550388	0	0	0	0	0	0	0	0
"STMN2"	0	0	0	0	0	0	0.115762954513153	0	0	0.166863394698191	0	0.268893437813596	0	0	0	0	0	0.490129427553488	0	0	0	0	0	0	0.00552998276735313	0	0	0	0	0	0	0	0	0	0	0	0	0	1.43675194294121	0	0	0	0	0	0	0.312469398536149	0	0	0	0	0	0.191728665694657	0	0	0	0	0	0	0	0	0.0257088377119066	0.817097096421364	0	0	0	0	0	3.76695063467604	0	0	0	0.750211771378229	0.306152917323998	0	0	0	0	0
"STX4"	1.39119569991696	0	0	0	0	0	0	0	0	0.901510816033447	0	0	0	1.0390586746729	0	0	0.205881337205286	0	0	0	0.738913473841996	0	0	0	1.33214163399566	0.0856592421160196	0	0	1.00640347627926	0	0	0	0	0	0	0	0	0	1.22135810574376	0	0.34809190465057	0	0	0	0	0	0	0	2.01839536793708	0	0	1.39774546081673	0.994310009152297	0	0	0	0	0	0	0	0	2.09723810403118	0	0	0	0	0	0.186179111238504	0	0	0	0	0	0	0	0	0	0
"SUPT4H1"	0	0	0	0	0	0	0	0	0	0	0	0	0.132196462933753	0	0	0.375526338906354	0	0.311598249822652	0	0.263749008362719	0	0	0	0	0	0	0	0	0	0	0	0	0	0	0	0	0	0	0	0	0	0	0	0	0	0	0	0	0	0	0.112380545632679	0	0	0	0	0	0	0	0	0	0.503049172454754	0	0	0	0	0	2.42757364033425	0	0	0	0.0732296716390196	0	0	0	0	0	0	0
"SUPT5H"	0	0	0	0	0	0	0	0	0	0	0	0.567833594330077	0	0	0	0	0	0	0	0	0	1.79629647400055	0	1.49652995206979	0	0.993198659209074	0	0	0	0	0	0	0.281632423386339	0	0	0	0.0733110439646192	0	0	0	0	0	0	0	2.19519287173027	0	0	0.774445084664734	0.426760645462819	0	0	0	0	0	0	0.565199185875326	0	0	0	0	0	1.72573037462978	0	0	0	1.86182213894676	0	0.874059182150929	0	0	0	0	0	0	0	0	0	0
"TEX11"	0	0	0.389440363890901	0	0	0	0	0	0	0	0	0	0	0	0	0	0	1.49172386867257	0	0	0	0	0	0	0	0	0	0	0	0	0	0	0	0	0	0	0	0	0	0	0	0.112269346134279	0	0	0.511443523648322	0	0	0	0	0	0	0	0	0	0	0	0	0	0	0	1.80197342725666	0	0	0	0	0	0	1.13245057363485	0	0	0	0	0	0	0	0	0	0
"TOPBP1"	0	0	0	0	0	0	0	0	0	0	0	0	0	0	0	0	0	0	0	0	0	0	0	0	0	0	0	0	0	0	0	0	0	0	0	0	0	0	0	0.0125817500303336	0	0	0	0	0	0	0	0	0.600318841733099	0	3.97128363312848	0	0	0	0	0	0	0	0	0	0	0	0	0	0	0	0	0	0	0	0	0	0	0	0	0	0	0
"TSG101"	0	0	0	0	0	0	0	0	0	0	0	0	0	0	0	0.612320760635938	7.13967540937576	0.300482714928604	0	0	0.527598500743446	3.2934058372836	0	0.520515048755342	0.598656589299413	0.335265072865708	0	0	0	0	0	0	0	0	0	0	1.28696803866765	0	0.503161553011468	0	0	0.839961665723644	0	0	0.87217120238515	0	0	0	1.63549885713039	0	0	0	0.877236738256023	0	0	0	0	0	0	0	1.30664431822184	1.35654287632404	0.135141353039225	0	0	0.108916887234638	0	1.96383851367397	0	0	0	0	0	0	0	0	0	0
"UBE2I"	0	0	0	0	0.423107514854329	0	0	0	0	0	0	0	0	0	0	0	0	0	0	0	0	0	0	0	0.0823205885811049	0	0	0	0	0	0	0	0	0	0	0	0	0	0	0	0	2.53371563819065	0	0	0	0	0.4279852591675	0	0	0	0	0	0	0	0	0	0	0	0	0	0.78500384927387	1.51387187921664	0	0	0	0	0	0	0	0	0	0	0	0	0	0	0	0
"UCHL5"	5.86034663606586	0	0	0	0	0.0667183876101303	0	0	0	0	0	0	0	0	0	0	0.868095397493309	0	0	0	0	1.08692867317882	0	0	0.0881805963280305	0	0	0	0	0	0	0	0	0	0	0	0	0	0	0	0	0	0	0	0	0	0.472927031185918	0	1.05230677534489	0	0	0	0.320989025542401	0	0	0	0	0	0	0	0.734644064890147	0.893253832128148	0	0	0	0	0	0	0	1.73903323255641	0	0	0	0	0	0	0.658478688960829	0
"VAMP2"	0	0	0	0	0	0	0.118468268152924	0	0	0.834474060660883	0	0.260907152032794	0.846348465122581	0	0	2.1271693980501	0	0	0	0	0.68942494819744	0	0	0	0	0.103760384096587	0	0	0	0	0	0.579015232915918	0.373376024794907	0	0	0	0	0	0	0	0	0	0	0	0	0	0	0	0.527070173368873	0	0	0.854694796566293	0	0	0	0.300885221322696	0	0	0	0	0.0202018994252351	1.17206974067171	0	0	1.35600635699079	0	0	0	0	0	0	0	0	0	0	0	0	0
"VAMP3"	0.335745822835844	0.147441241918375	0	0	0	0	0	0	0	0	0	0	0	0	0	0	0.0196896885378883	0	0	0	1.44140374161771	0	0	0	0	0	0	0	0	0	0	0	0.0798242328614468	0	0.668535580923834	0	0	0	0	0	0	0	0	0	0	0.0362097574783139	0	0	0	0	0.0718195859490192	0.575947503578615	0	0	0	0	0	0	0	0	0	0.515587786997615	0	0	0	0	0	0.433562363243506	0	0	0.0327837382594538	0	0	0	0	0	1.01504601182582	0
"WDR7"	0	0	0	0	0	0	0	0	0	0	0	0	0	0	0	0	0	0	0	0	0	0	0	0	0	0	0	0	0	0	0	0	0	0	0	0	0	0	0	0	0	0	0	0	0	0	0	0	0	0	0	0	0	0	0	0	0	0	0	0	0	0	0	0	0	0	0	0	0	0	0	0	0	0	0	0	0	0
"lam"	0	0	0	0	0	0	0	0	0	0	0	0	0	0	0.223831644697968	0	0	0	0	0	0	0.207748976036723	0	0	0	0	0	0	0	0	0	0	0	0	0	0.728638488927949	0	0	0	0	0	0	0	0	0	0	0	0	0.921128412492479	0	0	0	0.531672737239419	0	0	0	0	0	0	0	1.04166876314495	1.2224026388269	0	0	0	0	0.349517281153778	0	0	0	0	0	0	0	0	0	0	0
"largeT"	0	0	0	0	0	0	0	0	1.07541242132198	0	0	0	0.165002704387268	0	0	0.651246111970871	0.808220172101938	2.00975003252949	0	0	0.577265777686853	0	0	0	0	0	0	0	0	0	0	0	0	0	0	0	0	0	0	0	0	0	0	0	0.0852164606656726	0	0	0	0	0	0	0	0	0	0	0	0	0	0	0.872948909613851	0	0	0	0	0	0	0	0.0405927902391885	0	0.430216158654499	0	0	0	0	0	0	0	0
"p53"	0	0	0	0	0	0	0	0	0	0	0	0	0	0	0	1.04553808288089	0	0	0	0	0.4453359584987	0	0	0	0	0	0	0	0	0	0	0	0	0	0	0	0	0	0.882813261871201	0	0	0	0	0	0	0	0	0	0.281431516039847	0	0	0	0.123020315952732	0	0	0	0	0	0	0	0	0	0	0	0	0	0	0	0	0.329023654382644	1.0240626937362	0.480891178911859	0	0	0	0	6.41206523550273	0
