"ADRM1"	"AP2B1"	"ARL2"	"BCL2L2"	"BIK"	"BNIP3"	"BNIP3L"	"BRMS1"	"BTG1"	"CCL14"	"CCND2"	"CCND3"	"CDK4"	"CDK6"	"CDKN1A"	"CDKN2D"	"CEP55"	"CNOT7"	"CTBP1"	"DAPK1"	"DDX39A"	"DMRTB1"	"EIF4EBP2"	"EXOSC1"	"EXOSC5"	"FHL3"	"GAA"	"IGF2"	"IKZF1"	"IKZF5"	"KLF3"	"LSM2"	"LSM3"	"MME"	"MORF4L1"	"MRFAP1"	"MRFAP1L1"	"MTA1"	"NMI"	"OR10AG1"	"PCNA"	"PIAS1"	"PLEKHG7"	"PPID"	"PSMC1"	"PSMC2"	"PSMD2"	"PSMD5"	"QKI"	"RBBP4"	"RBBP8"	"RBFOX2"	"RBPMS"	"REEP2"	"RING1"	"RYBP"	"S100A1"	"S100B"	"S100P"	"SARNP"	"SH3GLB1"	"SH3GLB2"	"SNX32"	"STMN2"	"STX4"	"SUPT4H1"	"SUPT5H"	"TEX11"	"TOPBP1"	"TSG101"	"UBE2I"	"UCHL5"	"VAMP2"	"VAMP3"	"WDR7"	"lam"	"largeT"	"p53"
"ADRM1"	0	0	0	0	0	0	0	0.302185752737104	0.275961753968331	0	0.526835736810625	0	0	0	0.193551186079807	0	0	0	0	0	1.98771882022455	0	0	0	0	0	0	0	5.02302230463285	0	0	0	0	0	0	0	0	0	0	0	0	0	0	0.286425756050077	0	0	0	0	2.5855252428792	0	0	0	0	0	0	0	0	0	0	0	0	0	0.552755914122408	0	0	0.196483173081986	0	0.360551538855836	0	0.658327801771462	0	2.12696897771556	0	0	0	0	0	0
"AP2B1"	0	0	0	0	0	0	0	0	0	0	0	0	0	0	0	0	0	0	0	0	0	0	0	0	0	0	0	0	0	0	0	0	0	0	0	0	0	0	0	0	0	0	0	0	0	0	0	0	0	0	0	0	0	0	0	0	0	0	0	0	0	0	0	0	0	0	0	0	0	0	0	0	0	0	0	0	0	0
"ARL2"	0	0	0	0	0	0	0	0	0	0	0	0	0	0	0	0	0	0	0	2.7992290867948	0	0	0	0	0	0	0	0.537611135910602	0	0	0	0.490757462207665	2.11505302290374	0	0	1.03550210758807	0	0	0	0	0	0	0	1.26417791213744	0	1.09855941372905	0	0	1.64561669148953	0	0	2.67007338864205	0	0	0	0.60200074897725	0	0	0	0	1.9692156964901	0	0	0	0	0	0	1.49178648374506	0	2.22997216453776	0	0.596353944820742	0	0	0	0.293257486710728	0.959380375918123	0
"BCL2L2"	0.459020534572187	0	0	0	5.82056491232119	3.49073170734653	0	0	0	0	0	0.487668304943255	0	0	0	0	0	0.746848449260233	0	0	0	1.11188973352432	0	0	0	0.487668304943255	1.21273797246103	0	0	0	0	0.6427907577395	0.657215893271972	0	0.796866995488817	0.24099318724526	0.500541896162537	0	1.9157959767655	0	0	1.17776918921904	0	0.97900822890024	0.771028190963102	1.57369267705199	0	0	1.3072235558882	0.451229510232674	0	0	3.93477557409339	0	1.23447318209569	0	2.33321025957032	0	0	0	1.59437042098062	0.417260434735389	0	1.25998810816912	0	0	0	1.17341140300708	0	0	0	0.437857342774244	0	0	0	0	0.726173279501761	0
"BIK"	0	0	0	0	0	0	0	0.454661716134253	0	3.02818789807112	0	0	0	1.73572180057704	0	0.947006761777256	0	0.791987808063492	0	0	0	0	0	1.37330408007353	0	0	1.27585084054393	0	0	0	0	0.381558797151732	0	0	0	0.667497910654041	0.921992647614282	0	0	0	0	0.861501118913963	0	0.432064783132359	0	0.889745688703833	0	0	0	0	0	0	0	1.27585084054393	0	0	0	0	0	0	1.66833438912267	2.08946918309223	0.31896075754794	0.928117197684475	0	1.25809855337441	0	1.48830020322083	0	0	0	0.467258825891876	0	0	0	0	0.770366394418363	0
"BNIP3"	0	0	0	0	1.60526782110247	0	4.89660115016912	0.550291174661563	0.641690853714875	0	0	0	0.541145315609474	0	0.652856739355571	0	0	2.22267930141805	0	0.948961375819763	0	2.37494783175202	0.564167212912831	0	0.855284198898353	0.44628333327445	0	0.884318974080478	0	0	0	0.814758552263843	0	0	0.735201769166344	0	0.458229244628364	0.258362622715161	1.80727386940742	0.983713856163702	0	0	0	0.369370323302334	0.398805676408241	0	0	0	1.21987201070336	0.73292321553634	0	0	0	0	0.492131525672077	0.216196346169257	0	0	0	0.218547284517894	0	1.14358356317382	0.499320586031099	0	0	0.255622177708537	0	1.09198258621765	0	0	0	0.400134953722062	0	0	0	0.189976623461583	0	0
"BNIP3L"	0.516708424248452	0	0	0	1.85005256008768	4.71319086611624	0	0.839738848392926	0.77774687602872	0	1.69634059599996	0	0.660373399287706	0	0.572024297982358	0.579656018006934	1.33677680543612	1.73937945289658	0	0	0	0	0	0	0.600262677212276	1.10832865030493	0	0.443215353401714	0	0	0	0	1.21837078410644	0	0.885732150036673	0	0.966182979149022	0.322091507592216	2.0663895717567	1.1678811581426	0	1.2935053217525	0	0.456450697138568	0.857779481376417	0.540535793202629	0	0	0	0	0	0	0	0	0	0.694740619810375	0	0	0	0	1.73203754150588	0	0.840917250018404	0	0	0.579656018006934	0	0.566696521103098	0	0	0	0	0	0	0	0	0	0
"BRMS1"	1.04929169303362	0	0	0	0	0	0	0	0	0	0	0.193491429225746	0	0	0.202947334260196	0	0	0	0	0	0	0.870954895066867	0	0	1.18988752354657	0	0	0	0	0	0	0	0	0	0	0	1.47308886151415	0.551764147981742	5.47724861814182	0.600298191259398	0	0.444009239846685	0	0	1.46722765911778	0	0	0	0	0	0	0	0	0	0	0.822173471762255	0	0	0	0.720328405621584	0	0	0	0	0	0.206011750352518	0	1.62800401936178	0	1.14840983200431	0	0.59089609419869	0	0	0	0.416121271177468	0	0
"BTG1"	0.469494806595406	0	0.471116386835202	0	0	0	0	0.234275503496398	0.711970010378096	0	0	0.69545522955396	0	0	0.520612717557041	1.4680221558474	1.24041798233692	6.34108343544335	0	0	1.08555968184823	0	0	0	0.546764787326089	0.868576505541433	0	0.401813880507774	0	0	3.87053215534879	0.898814853229076	0.671261760711315	0	0.463119542769473	1.20581138282654	0	0.29088259927741	1.27720209299029	1.31302564715395	0	1.94532240312251	0	0	1.66726841362839	0.857426298082691	0	0	2.01011919342822	1.09157781207044	0	0	0	0	0	0	0	0	0.706376897843638	0.80340065894208	0	0.426916276326467	0.305122060977132	0.653421619624545	0	0.527676856358827	0	1.83916300004914	0	2.17006478860429	0	1.06503194567418	0	0	0	0	2.81673228838861	0
"CCL14"	0	0	0	0	0	0	0	0.245167913437284	0	0	0	0.283215786995448	0	0.950232725603578	0	0	1.28188739831759	1.30036800855429	0	0	0	0	0	0	0.976884720402947	0.283215786995448	0	0	0	0	3.02818789807112	0	0.698148415354485	0	0	0.477377488942373	0	0.768967851916208	0	0	0	0.627250608285412	0	0	0	0	0	0	1.37330408007353	0	0	0	0	0	0	0.826860399127489	0	0	0	0	2.42141141280931	0.785371906415473	0	0	0	1.25809855337441	0	0.537440761817765	0	0	0	1.33909223838553	0	0	0	0	0	0
"CCND2"	0	0	0	0	0	1.58121653082492	0	0	0	0	0.914302281079771	0	6.16623063223943	3.60639491878496	4.76677221785012	0	0	2.23069675252072	0	0	0	0	0	0	0.688081978151546	0.865101314048512	0	0	0	0	0	1.10204002267196	0	0	1.58881984427648	0	0	0.671324164226031	1.53014534999178	0	0	0	0	0	0	0	0	0	0	0	0	0	0	0	0	0	0	0	0	0.31855638191382	0	0.936139084530936	0.70019201583693	0	0	0	0	2.97051548795879	0	1.73170943939885	0	0.568370092740414	0	0	0	0.278121737191906	0	0
"CCND3"	0.258839458644296	0	0.670780758838368	0	0	0.468580613065585	0	1.0572898405706	0	2.16386489458711	1.43512351912807	0	5.97680758851462	4.92923383751256	3.1327583636354	0.745786150303194	0.762329625716735	1.47440137905064	0	0	1.10213910059894	0.686342753609956	0.35444197651613	0	0	1.86283823062507	0	0	0	0	0	0.52778629194866	1.4937730977532	0	0.471752481216466	1.10063018812555	1.45447524448295	0.542547879278745	0.788603698441245	0.814374647713523	0	0.946387992029721	0	0.594008355401559	0.800107388448312	1.02639957640509	0.45631195176746	0	4.34622302276775	0.973178116765025	0	0	0	0	0.773782365962985	0.556232164702637	0	0	0.403545261724308	0	1.04227768901478	2.05899356552422	0.5669051714559	0.370396691446625	0	0.154213293415011	0	1.86170692460902	0	2.67025626480867	0	0.802449554933899	0	0	0	0.495230101450699	0.4256856372301	0
"CDK4"	0	0	0	0	0	0.972322779155401	0	0	0	0	3.69611098880368	5.83446722808986	0	0	0.638397879055185	0	0	0	0	0	0	0	0.763951079778351	0	0	1.21550789089872	0	0	0	0	0	0.45323263064201	0.814626129424133	0	0.570284074065236	0	0	0.363026228040694	0	0	0	0	0	0	0.550446058631014	0	0	0	1.55545476813805	0	0	0	0	0	0	0	0	0	0	0	0	1.21610086620552	0	0.450894736002518	0	0.35930669632147	0	0	0	0	0	0.950560214699234	0	0	0	0	0	0
"CDK6"	0	0	0.554770491820496	0	1.93547748643976	0	0	0	0.472364064485494	0	4.23415849592535	5.32590413750057	1.5303117669759	0	0	0	1.40853275118923	0	0	0	0	0	0	0	0	2.00305946643181	0	0.475074148231734	0	0	0	0.765416435140614	0.781923599161079	0	0.545603368189917	0	0.601301445475292	0.346256221085749	1.44824557733501	0.927044518158713	0	0.704424195088359	0	0.489109391220161	0	0	0	0	1.50514026414567	1.71767959363522	0	0	4.23415849592535	0	0.643640708445007	0	0	0	0	0.538487445905387	0	0.504007853385495	0	0	0	0.342688870594394	0	1.62619224776688	0	1.0444867071751	0	0.913932986027747	0	0	0	0	0	0
"CDKN1A"	0	0	0	0	0	0	0	0.550291174661563	0	3.69636609416194	6.60052840889429	3.33100862354219	0	1.11670591794344	0.466255367548897	0.472696737295127	0	0	5.82855395002215	0	0	0	0.564167212912831	1.21987201070336	1.38859194815508	1.18195461189246	0	0.645174747213543	0	0	0	0	0.604209342953165	0	1.41228057424288	0.408997511957897	0	0	1.1698619608857	0	6.40502932714094	0	0	0	1.37411029715697	0.439734771049533	0	0	1.21987201070336	0.994945254449159	0	0	0	0	0	0.404176841622652	0	0	1.07668514724628	0	0	0	0	0	0	0	0	3.78926682048596	0	2.48793111635816	0	1.54487510458909	0	0	0	0.508160570693383	0	0
"CDKN2D"	0	0	0	0	1.65706771851318	0	0	0	0.373319791115762	0	0	0.252335171273989	0	0	1.00413235791661	0	1.17726812824368	0	0	0	0	4.22193425853588	0	0	0	3.17434391669553	0	0	0	0	2.86935956007515	0	2.92251034839936	0	1.26402351290041	0	0	0.499374412393724	0	0.426097424335018	0	0.56551080745602	0	0	0	0	0	0	4.46104980458163	0.763881444142594	0	0	2.96210330781867	0	0	0	0	0	0	0	1.54579326066611	2.7523517798341	0	0	0	0.268322648132987	0	2.3154630655157	0	3.1860657624567	0	0.419039405422262	0	0	0	0	0	0
"CEP55"	0	0	0.903093849725594	0	0	0	0	0.99501728950167	0	0	0	0	0	0	0	0	0	0.835386513022913	0	0	0	0	0	1.43595785220864	1.02729697332288	0.301686195140749	0	0	0	0	0	0.981050651647476	0	0	0	1.0366144526707	1.28635760040731	0.588130009672806	0	0	0	1.29864156062592	0	0.806371614305203	0	1.50029345528054	0	0	1.43595785220864	0	0	0	0	0	0	0.271951448193707	0	0	0	0.505628565296293	0	0.828501939372879	0.339500310985455	0	0	0.582528783488411	0	2.28457706176558	0	7.07757326952854	3.76994465933373	1.60911520107577	0	0	0	0.444868002706806	0.812882279451124	0
"CNOT7"	0.31191963799089	0	1.96644007383909	0	1.67350461711592	1.5286991881614	0	2.89087222598694	3.20285619741168	0	2.12056296249738	1.49254261106299	4.42589372891055	0.87594682823079	1.47120144304603	1.91500504872693	4.30831418583498	0	0	1.22042446601801	1.2680731755874	2.24520791964144	2.76864321847178	3.51742680194097	2.56456876951575	5.20001183836947	0.510472637310514	0.68222704314726	0	0	4.17807421335204	2.08917822695636	5.89165593328602	0	1.64972825849492	3.46907309445355	4.41336258687638	1.17735666690267	4.88695760114565	1.39525079532241	0	3.95198437279293	0	1.41602044339081	3.96031987764327	4.11282064396571	0	1.03570871526089	3.25564896513596	3.48198367671689	0	0	0	0.510472637310514	2.70504436420268	1.6760517194435	0	3.45629951757341	1.13040990168342	1.78871364184651	3.51221301005586	4.88380900501201	1.30914555275169	1.88606442989578	0	1.62216360099675	2.07266080711854	4.77733041636125	2.68740419300817	5.62424163650228	2.17663945792015	1.81273423343342	0	0	0	1.4909787689875	1.42551784114178	0
"CTBP1"	0	0	0	0	0	0	0	0	0	0	0	0	0	0	0	0	0	0	0	0	0	0	0	0	0	0	0	0	0	0	0	0	0	0	0	0	0	0	0	0	0	0	0	0	0	0	0	0	0	0	0	0	0	0	0	0	0	0	0	0	0	0	0	0	0	0	0	0	0	0	0	0	0	0	0	0	0	0
"DAPK1"	0	0	0.815713302826077	0	0	0	0	0	0	0	0	0	0	0.905589290615459	0	0	0	0	0	0	2.43773875811678	1.74287688544856	0	0	0.931350698078761	0	0	0	0	0	0	0	0	0	0	0	0	0	0	0	0	0	0	0	1.65157605085365	0	0	0	0	0	0	0	0	0	0	0	0	0	0	0	0	0	0	0	0	0.52068193319243	0	0.88422492765488	0	1.44497603052855	0	0	0	0	0	0	0	0
"DDX39A"	0	0	0.341947719851095	0	0	0	0	0	0.288004903033451	0	0	0	0	0	0	0	0	0	0	0.794143168298033	0	0	0	1.03466568189908	0	0	0.953884678003069	0.918198581320962	0	0	0	0	0	0	0.335894481026649	0.175408660396166	0.372873754009814	0.550064964401485	0	0	0	0.9241850874764	0	0	0.587259095028553	0	0	2.49469402918461	1.63100074609949	0.606202488195567	0	0	0	1.52314191401975	0.714927267719504	0.173174978595857	0	0	0	1.02308063860005	1.28462031998142	0.308592808698881	0	0	0	0	0	0	0	0	3.66202278087518	0.324411567545323	0	0	0	0	0.551138155890646	0
"DMRTB1"	0	0	0	0	0	0	0	1.02172548104436	0	0	0	0.851482146605707	0	0	0	0.89546670851856	0	1.892387890993	0	0	0	0	0	0	0	0	0	0	0	0	0	0.6427907577395	0	0	1.3072235558882	0.447433128958462	0	0	0	0	0	0	0	1.19837673568798	0.771028190963102	0	0	0	4.78364895151308	1.67952721689101	0	5.72861700663271	7.01830828464378	0	0	0	0	0	0	0	2.33321025957032	0.740520648681799	0.544761830724579	0	0	0.516121863169101	0	0.877322254633964	0	0	0	0	0	0	0	0	0	0
"EIF4EBP2"	0	0	0	0	0	0	3.30669294198364	0	0	2.95923368150059	0	0	1.02240259213117	0	0.282293227109571	0.909591818618629	0	0	0	0	0	1.75359924229012	0	0	0.5443420462434	3.29730536658193	0	0.399947192243153	0	0	0	0	3.80373347322947	0	1.32540016785964	0.245707613522358	0	0	0	0.45331312848506	0	0	0	0	0	0	0	0	3.09256594402998	0.459450301730582	2.6487147556041	0	0	1.23008529446725	0.546541500868354	0	0	0	0	0	1.61475597947805	1.90311630936024	0	0.361682399863074	0	0.286441749410458	0	2.39885697031961	0	2.16408364564211	0	0	0	0	0	0.213454733126217	0	0
"EXOSC1"	0	0	0	0	0	0	0	0	0	0	0	0	0	0	0	1.29206161621855	0	0	0	0	0	3.93949890913542	0	0	5.33292127520507	2.27450596967215	0	0.434261258938873	0	0	3.07909731659929	0.395218475739589	1.55763129370721	0	0.870165663474019	0	0	0.315323147286363	0	0	0	0	0	0.447268506934016	0	0.529951570505121	0	0	0	0	0	0	4.09153020868458	0	0	0.264685899517496	2.46866230832582	0	0	0	0	1.70463521221621	0	0	0	0	0	1.26880638162735	0	2.27141438643723	0	0	0	0	0	0	0	0
"EXOSC5"	0	0	0	0	0	0	0	0	0.315559953047917	0	0	0	1.13218928791114	0.422252434848335	0.222215552736669	1.01101729454516	2.04719755598045	1.37896373254687	0	0	0.895338035324521	3.87842889430055	0.50358938059289	5.25293521500001	0	3.02156996130706	0.602615784290316	0	0	0	0	0.733417634775803	1.896995721417	0	0	1.65347578624831	0.724836411234818	0.597993911110791	3.81693063942031	0	0	0	0	0.327362411059775	1.80803642234294	0	0	0	1.73151264478953	0	0	0	3.61432714525694	0	0	0.19045959485148	0	0	0	0.892729930898388	3.39715796025127	3.56321061713895	0	0	0	0.225548814312505	0	2.79230183801009	0	1.22734407290611	0	0	0	0	0	0.796748903300472	0.599142624646177	0
"FHL3"	0	0	0	0	0	0	0	0	0	0	0	0	0	0	0	0	0	0	0	0	0	0	0	0	0	0	0	0	0	0	0	0	0	0	0	0	0	0	0	0	0	0	0	0	0	0	0	0	0	0	0	0	0	0	0	0	0	0	0	0	0	0	0	0	0	0	0	0	0	0	0	0	0	0	0	0	0	0
"GAA"	0	0	1.10799289370748	0	0	0	0	0	0.966804648435366	0	0.998479706450603	0	0	1.58069818942121	0.406051327737267	0	0	0	0	0	0	1.47702172111926	0	0	0	0.693982985208747	0	0	0	0	0	0	0	0	0	0	0	1.41735072757663	3.25086001860875	0	0	0	0	0	0	0	1.06302216904228	0	0	0	0	0	0	0	1.25424633090495	0	0	0	0.959788701704594	0	0	2.20354768818317	0	0	0	0	0	3.12324360998062	0	0	0	0.627281672454481	0	0	0	0.565265464018452	0	0
"IGF2"	0.577861924354633	0	0	0	0	0	0	0	0.861728942558937	0	0	0	0	0.649154960414536	0.187957598593569	0.35930669632147	0	0.919742927888932	0	0	0.781291125406832	0	0	0	0	0.612484690595318	0	0	0	0	0	0.635667886878535	0.464062988801243	0	0.788455081942892	0	0	0	0	0.561090195726128	0	0.583028238640316	0	0	0	0.333359440157649	0	0	0	0.786052185071478	0	0	0	0	0	0	0	0	0	0	1.21907495401144	0.527130365991685	0.202676761346809	0	0	0	0	1.07084483599029	0	0	0	0	0	0	0	0.140997037151459	0.516205575194131	0
"IKZF1"	0	0	0.563891760784592	0	0	0	0	0.284930338644516	0	3.23843886679371	0	0.328478713446189	0	0.631740503888888	0	0	0	0.897046058222137	5.33542758141796	0	0	0	0	0	0	0	0	0	0	0	0	0	0	0	0	0	0.611037977064833	0	1.46629109192526	1.25031132622306	0	2.82761713065542	0	0	2.05105693504891	0	1.88956086017214	0	0	0	0	3.38546555655184	0	0	0	0.296365276730884	0	0	0	0	0	0.512434565756078	0	0	0	0	0	0	0	2.08788126802526	4.84773905482971	0	0	0	0	0	0	0
"IKZF5"	0	0	0	0	0	0	0	0	0	0	0.847671605669158	1.161866521945	0	0	0.333950407839606	0	0	0	0	0	0	0	0	0	0	0.580132816509799	0	0	8.01273306328909	0	4.11557987855348	0	1.27524376923597	0	0	0	0.594983406540448	0	0	0	0	0.390350575356684	0	0	1.20431665950005	0.571979212190592	0	0	1.49311025389754	1.48942894610022	0	0	0	0	0	0	0	0	0	1.22647457872238	0	0	0	0	0	0.338772936511911	0	1.34775733099776	0	0	5.94331147069682	0	0	0	0	0	0.852178762473096	0
"KLF3"	0	0	0	0	0	0	0	0.760542638862293	0	0	0	0	0	0	0	0.902472206474294	0	1.24520492821055	5.99066407548728	0	0	0	1.05166661454215	0	0.931350698078761	3.48029832746285	1.87313769066704	1.17912087804466	0	0	0	0	3.19590590700093	0	0	0	0	0	0	2.21814518257377	7.14792899278364	1.82826922700472	0	0.726152352214569	2.40150306153965	0	0	0	3.3133947639673	0.800860980120026	0	0	0	0	0.934677892981588	0	0	0	2.24195054945857	0.450719577853463	3.72741060564265	1.23614298529302	0	0.645100746210998	0	0	0	0	0	0	5.81311379021851	1.28291079148103	0	0	0	0	0	0
"LSM2"	0	0	0	0	0	0	0	0.284930338644516	0	0	0	0.328478713446189	0	0.631740503888888	0	0	1.42628872338073	0	0	0	0	1.98302209074529	0	0	0	0.595863732366767	1.41984964327178	0	0	0	0	0	0	0	0	0	0	0	0	0	0	0	0	1.16013847466598	0	0	0	2.85145318004976	0	0	0	0	0	0	0	0.296365276730884	0	0	0	0.547388615957279	0	1.6472116329014	0	0	0	0	0	1.37647155372193	0	0	0	0.536918961713899	0	0	0	0.261271636045058	0	0
"LSM3"	0	0	0	0	0	1.26574623090843	0	0.730680234787703	0	0	0	0	0	0	1.14987917139603	0	0	1.20288540669917	0	0	1.63157527903923	0	0	0	0	0.825524756213077	0	0	0	0	0	1.88536479158604	0	0	0.772165411570335	0	0	0	0	0	0	0	0	0.697338229532263	0	0.814785042134843	0	0	1.93784337768536	0	0	0	0	0	0	0.42690914221103	0	0	0	0	0	1.5518076672655	0	0	0	0	0	0.850786701497104	0	2.91567680564223	0	0	0	0	0	0	0	0
"MME"	0	0	0	0	0	0	0	0.492673804404142	0	0	0	0.562331847877379	0	0	0	0	2.86628154828506	0	0	0	0	2.70162756516772	0	0	0	0.965919491085044	0	0	0	0	0	1.58298885741248	1.24354101961856	0	1.45824099727088	0.51697071714075	0.987756649053811	0	0	0	0	0	0	0	0	0	0	0	2.16846966405869	0.903355858855837	0	4.21855899662366	0	0	0	0.511087312659988	0	0	0	0.516121863169101	0	2.06349875516267	0	0	0	0	0	2.57525868268479	0	0	0	0	0	0	0	0	3.12994563296421	0
"MORF4L1"	0	0	0	0	2.26126116425819	0	0	1.34115345319363	0	3.07168306992092	0	0.534999430281003	2.3060633362591	0.56788728157353	0.305948604549973	1.28709058555468	0	1.32995537422887	0	0	0	0	1.12776914248751	1.403878017064	0	2.33355947845035	0	0.43207940090959	0	0	0	1.17200017959413	0.717327512969618	0	0	1.39153104036267	3.85061534454595	0	3.74230236733609	1.93533285094298	0	0.358180673148923	0	0	0.838859030656232	0	0	0	1.403878017064	0	2.7573256202887	0	0	0	0	0.678622761448042	2.46177344662805	0	1.61370810447415	0	2.46177344662805	4.18759776306624	0.59657831450551	0.391138541929675	0	1.13769709608338	0	5.53333801630535	0	1.53747167124747	0	1.12926166195949	0	0	0	0.231794839769144	1.6739911498573	0
"MRFAP1"	0	0	0	0	0	1.0714749187117	1.67172334531417	0.828460819264074	0	0	0.574502158655362	0.540248764527334	0	0	0.56366659338429	1.19873138428829	1.99923280060362	0.59510900583117	0	0	0.866271548478567	0	1.13694560101694	0	0	0.813146006436303	0	0	0	0	0	0.508591835230914	1.20377951785998	0	0	0	0	0	0	0.861194248420118	0	0	0	0.314672801732818	0	0	0	0	1.07746416915743	0.352175133744722	0	0	0	0	0	0.182742306704527	0	0	0	0.495557546463841	0	1.0072771753585	0	0	0	0	0	6.1614960020709	2.38940628421625	0.715231473911603	2.3546575895033	0.617272495220186	0	0	0	0	0	0
"MRFAP1L1"	0	0	0	0	1.81343510796404	0	0	0	0	0	0	0	0.641877974295836	0	0	0	1.30622933462203	0	0	0	0	1.1946075685361	0.668280216792781	0	0.583130912780296	0.920440488488564	0	0	0	0	0	0	1.54657633582273	0	3.68542204942357	0	0	0.312044940794468	0	0	0	0	0	0	0	1.46205055160066	0	0	0	0	0	0	0	1.30012207698046	0	0.261887526820085	0	0	0	0.264691359781522	0	1.51658004191655	0	0	0	0	0	4.48312679612798	0	0	0	0.47874877029449	0	0	0	0.230556549525224	0	0
"MTA1"	0	0	0	0	0	0	0	0.12917459134914	0	0	0.437617237610035	0	1.40731044058748	0	0.657325203887067	0.555036993968972	0	0.454055063549386	0	0	0.674612518006103	0	0.366887089607183	0.851482146605707	0	1.67522510580881	0.442961606283744	0.423568436707737	0	0	0	0.545260202213216	1.36386376233116	0	0.487668304943255	0.673557639431889	0.929713655803151	0	0	0.479595206670078	0	0.186122530695305	0	0	1.10840217773397	0	0	0	0	0	0	0	0	0	0.577231398733211	0.257799472198101	0	0	0.740869317215702	0	2.10596109865675	0.449829986412733	0.170081037147397	0.383331084629498	0	0.304047381250076	0	1.61087141224225	0	0.94845382198995	1.99307291070324	0	0	0	0	0.117916893504118	0.777133321013499	0
"NMI"	0.965430551307846	0	0	0	1.28722811936558	0	0	3.60121194465169	0	0	0.868742708333292	1.34149139010562	0	0	0	0	0	0.897046058222137	0	0	0	0	0	0	0	0	0	1.37348183468791	0	0	0	1.05008208863033	0	0	0.95421478090919	0	1.03893858348895	0	0	0	0	0.715454726398024	0	0.866466904623273	0	1.32654806098519	0	0	1.5235868510534	0	0	0	0	0	1.10223819720089	0.296365276730884	0	0	0	0	0	0.512434565756078	0	0.43801505612551	0	0.348736350790615	0	0	0	0	3.89699122733935	0	0	0	0	0	0	0
"OR10AG1"	0	0	0.755119369618121	0	2.36272300416634	0	0	0.703118700725291	0	0	1.75528797709098	0.795275773000091	0	0	0	2.05169108471378	0	2.57530875994343	0	0	0	0	0	1.88615988092772	0.86447253536829	0.795275773000091	1.76961867162131	0	0	0	0	1.34465428733453	1.03924519952536	0	0	0.414076194763631	0	0.483203622367099	0	0.732060504720892	0	1.25392102278961	0	0	1.1965184627989	1.29029636884886	0	0	0	0	0	0	0	0	0	0	0	0	0	1.41087262249809	0	0	0	0	0	0	0	0.819850408817301	0	0	0	0	0	0	0	0	0	0
"PCNA"	0	0	1.13986214495343	0	0	1.74021917310377	0	0	0.995866518848689	0	0	0	0	0	2.13289950251847	0	0	0	0	0	2.99910489436317	0	0	0	0	0	0	2.001052913654	0	0	0	0	0	0	0	0	0	0	0	0	0	0.85427566508509	0	0	0	0	0	0	0	0	0	0	0	0	0	0	0	0	0	0	0	1.65374418825445	0	0	0	0	0	0	0	0	5.16893040533351	0	0	0	0	0	0	0
"PIAS1"	0.299711438272787	0	0	0	1.03385594658712	0	0	0.755314717305253	1.10372274988315	0	0.263298165585727	0.695750442807029	1.66833438912267	0.180363279653995	0.780238593713955	0.947006761777256	0	0.273800095010946	0	0	0	0.778868269733113	0.862383386683202	1.89793649599413	0.352342317606523	2.77092023065583	0.266707877115748	0.254356850244563	0	0	0	1.20006131931713	3.52258852415194	0	0.649001784434587	0.880059603659106	1.01617474478449	0	0.513322931472297	0.638797346043763	0	0	0	0.484440883648431	1.06256761895511	0.889745688703833	0.727424174002178	0	1.71031885815266	1.2375697792261	0	2.48052883802422	1.67915960342269	0.266707877115748	0.353859071998854	0.634806295049233	0	0	0	0.533429031831274	2.2432203751069	0.38966273075126	0.646676989971514	1.02273090395662	0	0.339257504426877	0	3.68540811638185	0.901198965852269	2.64465542884301	3.47316234802933	0.40908151064923	0	0	0	0.418826495709158	1.14390041537799	0
"PLEKHG7"	0	0	0	0	0	0	0	0	0	0	0	0	0	0	0	0	0	0	0	0	0	0	0	0	0	0	0	0	0	0	0	0	0	0	0	0	0	0	0	0	0	0	0	0	0	0	0	0	0	0	0	0	0	0	0	0	0	0	0	0	0	0	0	0	0	0	0	0	0	0	0	0	0	0	0	0	0	0
"PPID"	0	0	0	0	0	0	0	0	0.801253252789962	0	0	0.400982080704652	0.487742955437553	0	0.419207827055507	0.753017220679388	1.04078111532746	0	0	0	0	0	0.508871283074744	0	0	0.84881107918645	0	0	0	0	0	0	0	0	0.666676441824954	0	0.411880831085014	0	0	0.656252487435474	0	0.681111061573072	0	0	0.644173088932667	0.395010920677223	0	0	1.12089839880497	0.370214521079545	0	0	0	0	0	0.652175149267616	0	0	0	0.900992550234943	1.38349559493761	0.341642135193457	0	1.2225471296868	0	0	0	1.73715510960917	1.69726010541181	0	0	0	0	0	0	0	0	0
"PSMC1"	0	0	0	0	0	0	0	0	0	0	0	0	0	0	0	0	0	1.23649014869657	0	0	0	0	0	0	0	1.38333510153435	0	0.700979769852563	0	0	0	0	1.10706691133722	0	0	0	0.871441309552572	0	0	0	0	0	0	0	0	0	0	0	0	0	0	0	0	0	0	0	0	0	0	0	0	2.12230610345431	0	0	0	0	0	1.81183589282569	0	2.14054271869895	0	0	0	0	0	0	0	0
"PSMC2"	0	0	1.08381081139157	0	0	0	0	0.595674868781406	0	0	0.975961091850475	1.31989069177686	1.32364580700554	1.55060754324758	0	0	0	0	0	0	0	0	1.36752448080527	0	1.22402838399822	0	0.985986142522909	0	0	0	0	0	0	0	0	0.345504163405489	1.16000973298982	0	1.61531795841003	0	0	0.808582067938652	0	0	1.6336761236366	0	1.03950816353278	5.7647101358391	0	0	0	0	0	0	0	0.34134619640898	0	0	0	0	0	0.584177597842098	0.75089338980534	0	0	0	0	2.58083219637552	0	1.18178246133812	0	0	0	0	0	0.301462732128527	0	0
"PSMD2"	0	0	0	0	0	0	0	0	0	0	0	0	0	1.8289365402575	0	0	0	0	0	0	0	0	1.36071172514939	3.27973410109901	0	0.672637371957315	0	0	0	0	0	0.871106839490909	0	0	0	0	1.15386531875214	0	0	0	0	0	0	1.54217855859727	2.86007860034556	1.11619689025351	0	0	0	1.66417960281888	0	4.52065216784916	0	0	0	0	0	0	0	0	0	0.993267508382332	0	0	0	0	0	0	0	0	0	1.62985301957221	0	0	0	0	2.2824637052185	0
"PSMD5"	0	0	0	0	0	0	0	0	0	0	0	0	0	0	0	0.791438361670943	0	0	0	0	0	0	0	0	0	0.751330636969098	0	0	0	0	5.12207477579468	0	0	0	0	0.38836507748418	0	0	1.74674674438871	0	5.33853697949113	0.89366874933902	0	0	0	2.33063866694683	0	0	0	0	0	0	0	0	0	0	0	0	2.04828673658218	0	2.14782078857284	0	0	0	0	0.449323236015293	0	1.27625589663388	0	0	0	0	0	0	0	0	0	0
"QKI"	0	0	0.866913057375744	0	0	0	0	0.32277100962704	0.539692807417111	3.41804750258539	0.560014465899301	1.0197839788835	1.30708142537397	0.39556081000368	0	0	0	0	0	0	2.06751905924025	4.02326313320158	0.472547851562984	0	0	0.526476086393462	0	0.542721545582549	0	0	0	0.863628161514986	2.26042501803686	0	0.621313156368015	0	0.381592943046979	0.397989447542128	2.01322403813887	0.611457989199332	0	0.796765771415905	0	1.12537245736214	0.330995047676651	0	0.601915031334613	0	0	0	0	4.81398865723205	4.7594552094909	0.566582777372003	0	0.607604191762864	0	0	0	0.179467786635578	1.30708142537397	1.30397466137205	0.416760287658854	0	0	0.556787793006609	0	2.70024676165897	0	1.80277356701467	0	0.332123498694981	0	0	0	0.54196114119589	2.11881425817914	0
"RBBP4"	0.869256840529478	0	0	0	0	0.85375044452685	0	0.463599205435492	0	0	0	0.529852257588518	1.08016443374544	0	1.26369279237376	0	2.43120445315043	1.31993422504844	0	0	0	0	0	0	0	0.529852257588518	0	0	0	0	0	0	0.71081612131552	0	0	0.263771771026111	0.543643858231647	0	2.48288859255574	0	0	0.876336422848173	0	0	1.56018943980554	0	0	0	0	0	0	0	0	0	1.99488008994734	0.260510472927237	0	0	0	0	0	0.799227912284258	0.325524257419526	1.1579447908562	0	0.560323155789646	0	1.50948803727577	0	0.956421531988377	3.70712832428225	1.12023153429802	0	0	0	0	1.28915688659002	0
"RBBP8"	0	0	0	0	0	0	0	0	0	0	0	0	0	0	0	0	0	0	0	0	0	0	0	0	0	0	0	0	0	0	0	0	0	0	0	0	0	0	0	0	0	0	0	0	0	0	0	0	0	0	0	0	0	0	0	0	0	0	0	0	0	0	0	0	0	0	0	0	0	0	0	0	0	0	0	0	0	0
"RBFOX2"	0	0	0	0	0	0	0	0.360907348561501	1.34644360442715	0	0	1.22116189792137	0.503708872603105	0	0	0	0	0	0	0.890858385533629	1.49008823956233	4.19370482109632	0	0	0.455676444158023	0	0	0.332132109681096	0	0	0	0.301331646743712	1.54111296072593	0	0.384159986158994	0.809250243087961	0.754010291950495	0.443731439332554	2.15140981737005	0	0	1.03184313190714	0	0.850941143833202	0	0	0.666219658309018	0	6.64172364151883	1.33311953284921	0	0	2.78957062029315	0	0	0.53134961350403	0	0	1.01317344854965	0.678671373673194	3.66674625237008	1.80656013534528	0.464333257330008	0	0	0.439303567827461	1.90531123299254	0	0	1.26947371563034	0	0	0	0	0	0.47265001785697	1.89033866657209	0
"RBPMS"	0	0	0	0	0	0	0	0.153346822763767	0	0	0	0.336450326084666	0.730722625363809	0.358612145650714	0.500404259040547	0.881786939052979	0.900514909669834	0	0	0	0	4.0811864381853	0	0	1.46392942967741	0.336450326084666	1.44422717377544	0	0	0	0	0	0	0	0.311222827766452	0	0	0	1.89399237383081	0	0	0.867372738219315	0	0.276673026474312	0	0	0	1.04572803001171	6.28619464689346	0	0	5.40109962184659	0	0	0	0.767871520821435	0	0	0	0.306842074946323	1.2134656023102	0.285733366399629	0	0	0	1.17886397656839	1.05895034214163	1.06569337572441	0	1.07945246584748	0	0.761037523964107	0	0	0	0.14008296414543	0	0
"REEP2"	0	0	0.703069718219508	0	0	0.687651011991685	0	0.779690311972311	0	0	1.3934163816734	0	0.507401315469721	1.05807012909678	0.771158323513607	0	0	0.647162769151415	0	0	0	0.977771568759735	0.915580403795858	1.15769751794669	0	1.32813908154628	0	0	0	0	0	0	0.973353959747107	0	0.943552402225845	1.24239893104612	1.62167952548342	0	1.10937236015064	0	0	1.0382384548235	0	0	0	1.57535784679343	0	1.23914805004635	0	1.34066564388909	0	0	0	0	0	0.201279458596395	0	0	0	0.813409909112106	0	1.42215933336959	0	0	0	0.62158749406769	0	1.78466578259625	0	0	0	0	0	0	0	0.176759757959555	0	0
"RING1"	0	0	0	0	0	0	0	0	1.63483942964991	0	0	0	0	0	0	0	0	0	0	0	0	0	1.13694560101694	2.93770991107573	0	1.70978302698685	1.31516388991128	0	0	0	0	0	0	0	0	0	0	0	0	0.861194248420118	0	0	0	0	0	0	0	0	2.11469034087849	0.871410892249496	0	0	0	0	0	1.14753731362635	0	0	0	0	0	2.01090204397067	0	0	0	0.571207431025477	0	0	0	0	0	0	0	0	0	0.435832309114271	0	0
"RYBP"	0	0	0	0	0	0	0	0.18499039457769	0	0	0	0	1.14192200135727	0	0	0	0	0.623162059046616	0	0	1.85289968557982	1.51113766125389	0	0	0	0.84881107918645	0	0	0	0	0	0	0	0	0.911590128721975	0.195147582367008	0.731911604414271	0	0	0.365123387478352	0	0	0	0.33100359999056	0	0	0	0	0	0.370214521079545	0	0	0	0	1.95394525526477	0.192678921811689	0	0	0	0	0	0	0	0.917665247890283	0	0	0	1.2225471296868	0	0	3.27910221080685	0	0	0	0	0	0	0
"S100A1"	0	0	0	0	0	0	0	0	1.26524878082054	0	0	0	0	0	0	1.96886459412731	0	0	0	0	0	2.6429968990283	0	0	0	0.932398740700351	0	0	0	0	0	0	0	0	0	0.496378075243065	0	0	0	1.39675289252379	0	0	0	0	0	0	0	0	2.11469034087849	0	0	0	0	0	0	0	0	0	0	0	3.87636409401998	0	0	0	0	0	0	1.53134443530606	0	1.54855490702236	0	0	0	0	0	0	0	0
"S100B"	0	0	0	0	0	0	0	0	0	0	0	0	0	0	0	0	0	0	0	0	0	0	0	0	0	0	0	0	0	0	0	0	0	0	0	0	0	0	0	1.9457208677226	0	0.734644168275985	0	0	0	0	0	0	3.13044569944541	0	0	0	0	1.45046381477135	0	0	0	0	0	0	0	0.912358554701971	0	0	0	0.646732765195054	0	0	0	0	0	1.51865898023255	0	0	0	0	0	0
"S100P"	0	0	0	0	0	0	0	0.3306575859591	0	0	0	0	0	0	0	0	0	1.01234302681554	0	0	0	0	0	0	0	0	0	0	0	0	0	0	0	0	0	0	0	0	3.22027702815674	0	0	0	0	0	0	0	0	0	1.68345958054617	0	0	0	0	0	0	0	0	0	0	0	0	1.00444245103522	0	0	0	0	0	0	0	0	0	0.615309445698457	0	0	0	0	0	0
"SARNP"	0.271755582378177	0	0	0	1.52639483645029	0	0	0.361827242308773	0.89499723582941	0	0.443046156113798	0.531129638417058	0.640384108086356	0.309281565174438	0.554223158957427	0.307992205336886	0	0.459657209562305	0	0	5.0985251756098	0	0.371547444123693	0	0	0.152202971753888	0	0	0	0	0	0	0	0	0.267818550244311	0	0.755701647848332	0	0	0.263055260537557	0	0.355435875998168	0	0.441716352994839	1.11950577074262	0.285393192470657	1.1224748223998	0	0	1.01142291605257	0	1.61172872464964	2.30864893177129	1.2976507154364	0	0	0	0	0.422692516995187	0	2.12183258285124	1.60470344151039	0	0.54903155908102	0	0.162199465653662	0	0.54903155908102	0	2.25483717110934	2.00855560546661	0	0	0	0	0.119547479568488	0.785765173398663	0
"SH3GLB1"	0	0	0.36870518303539	0	0	0	1.69939596823895	1.37594255141341	0	0	1.32706163703206	0.208743672339994	1.7421672745739	0.739042540928762	0	0	0	1.63226530892942	0	0	0	0	1.79326860177272	0	0	0.951653535943809	0.594648737799647	0.569823528639364	0	0	2.61764752786314	0	0.92103683301952	0	0.362235130836198	0.189986455499543	0	0	1.65398109368637	0.879383431186173	0	1.11948017359244	0	0.586133514439047	0	0.688964361933907	0.631378280967632	0	1.71515823999398	0	0	0	0	0.594648737799647	0	0	0	0	0	0.189638740864547	2.04515098163319	6.51349676337036	0	0	0	1.11466547720687	0	2.38178498820789	2.42198479943371	0.731061930899051	0	0.631378280967632	0	0	0	0.569032130844254	1.00936520133234	0
"SH3GLB2"	0	0	0	0	0	0	0	0.320586616057387	0.419732295429563	0	0.55650740149736	0.368923083446783	0.792137792818067	0.392947371137496	0.106567711262143	0.831114784445553	0	1.155942334821	3.61099022554409	1.31949903039697	1.1295050231338	0.506593965623485	0.469503448197566	0	0.858324559426791	2.70849218447833	0.308815851530524	0.294706608516509	0	0	3.70263267532896	0	3.05595657090575	0	0.61749808357199	0.337365301449308	0.201943937860731	0.109451766249656	4.09374669816448	0.177541211859683	0	1.1302143403897	0	0.434879915194764	0	0.653387867525847	1.01980504086409	1.12491715829345	1.37997396502609	0.484473872767441	0	1.88457046494518	0	0.563042082785736	0	0.474909007840562	0	0	0.919555963381033	0.409978201448205	6.57563557248867	0.313825220416632	0.583613525395447	0.48981904350502	0	0.303012499128384	0.678963196033098	3.66371572351216	0	2.4935123712931	0	0.174349677136186	0	0	0	0.226127397454963	0	0
"SNX32"	0	0	0	0	1.29861352870091	0.557105101965065	0	0	0.263263051508977	0	0	0.332416524040578	0.406328844508098	0	0	0	0	1.20835141640099	0	0	0.769093350965396	0	0	0	0	0.602401092341852	0	0.68222704314726	0	0	0	0	0.802038981673474	0	0	0.434465638160014	0.341664921070469	0	0	0	0	0	0	0	0.541202889519124	0.327354046669301	0.54292429849591	0	0.96355478771461	0	0	0	0	1.18494698824683	0	0.299956862823825	0	0	0	0	0	0.51821238161142	0	0	0	0.187207237970803	0	3.49131058753935	0	3.0248325158611	0	0	0	0	0	0.587843952276385	0.882098726848287	0
"STMN2"	0	0	0.444751758067497	0	0	0.767449504832853	0	0.220150792314049	0	0	0	0.659134184492108	0	0.87156300064468	0	0	0	0	0	0	0	0	0	0	0.896626487021728	0.659134184492108	0	0.67859845799486	0	0	3.78041111646086	0	0	0	0	0.431962486585812	0.845036451904531	0.273656996903149	0	0	0	0.788323026570028	0	0	0.746937113830775	0.464164302303974	0.749160743961024	0	1.93784337768536	0	0	0	0	0	0	0.75591361316523	0	0	0	0	0	1.38397731555393	0.526497869254915	0	0	0.270769052505429	0	3.66112471516194	0	0.862532266745696	0	0.422671539753823	0	0	0	0.806916572360883	1.52818461005724	0
"STX4"	0	0	0	0	2.43149395455346	0	0	0	0	0	0	0.475074148231734	1.56482996652984	0	0	0	0	1.86008686979055	0	0	0	0	1.02117601564767	0	0	0.475074148231734	0	0	0	0	0	0	1.08345218459463	0	2.58613235736058	0.43572820739097	1.38333510153435	0	1.88330112570053	0	0	0.574931351550004	0	0	0	1.34107838086387	0	0	2.74842866652277	0	0	0	0	0	0	0	0	0	0	0	0	0.722861237285625	0	0	0	0	0	2.55326233458563	0	0	0	0.755051371018411	0	0	0	0	1.18195461189246	0
"SUPT4H1"	0	0	0	0	0	0	0	0	0	0	0	0	0	1.02955479689543	0.748486669217042	0	0	0	0	0	0	0	0	0	0	1.55509266126622	0.612884497482877	0	0	0	0	0.293344701717348	1.51310779030646	0	0.374247929127137	0.196674177519963	0	0	0	0.367820304883069	0	1.1485088655365	0	0	0.648514441663766	0	0	0	0	0	0	0	0	1.04168292415422	0	0.365310981131513	0	0	0	0.196315036290642	2.55271788766335	1.05501268434508	0	0	0	0	2.66242120143231	1.42273305168384	0	0	0	0.361610873676069	0	0	0	0	1.85914716353806	0
"SUPT5H"	0	0	0	0	0	0	0	0.631819303881829	0	0	0	0	1.38719803143492	0	0	0	0	2.90880918841246	0	0	0	0	0	3.38373880745776	0	3.92187659068276	0	1.0007020278115	0	0	0	0	0	0	2.1824241159438	0	0	0	0	1.10887031937486	0	1.77549416778327	0	1.02563167806565	0	0	2.46956436198593	0	0	0	0	0	5.54648665352736	0	0	0	0	0	0	1.11188973352432	0	2.07715332913812	0	0	0	2.97850546394372	0	4.09336427150799	0	0	0	0	0	0	0	0.999488579069857	0	0
"TEX11"	0	0	0	0	0	0	0	0	0	0	0	0	0	0	0	0	0	0	0	0	0	0	0	0	0	0	0	0	0	0	0	0	0	0	0	0	0	0	0	0	0	0	0	0	0	0	0	0	0	0	0	0	0	0	0	0	0	0	0	0	0	0	0	0	0	0	0	0	0	0	0	0	0	0	0	0	0	0
"TOPBP1"	0	0	0	0	0	0	0	1.90596269091894	0	0	0	0	0	0	0	0	0	0	0	0	0	0	0	0	0	2.89429962827029	0	0	0	0	0	0	0	0	1.56861483397502	0	0	0	0	0	0	0	0	0	0	0	0	0	0	0	0	0	0	0	0	0.968296263288462	0	0	0	0	0	3.31378507508606	0	0	0	0	0	2.44990481748813	0	0	0	0	0	0	0	0	0	0
"TSG101"	0.800324375831743	0	0	0	0	0	0	0	0.691549625215556	0	1.83668787641964	0	0	0.891654928350931	1.62966954881798	0	8.24367520715397	0	0	0	0	4.94870144938846	0	1.97044569035188	0	0	0	0	0	0	0	1.07800782156073	0	0	0	0.443461691184535	0	0	0	0.778650967390827	0	2.16925509326821	0	0	1.2620749174872	1.74309877149673	0	0	3.66397833804939	0	0	0	3.92080759102913	0	0	0	0	0	0	0	3.16915936670208	4.29191119622288	0	0	0	0	0	5.2892210250038	0	0	0	0.767121598257835	0	0	0	0	0	0
"UBE2I"	0	0	0	0	0	0	0	0	0	0	0	0	0	0	0	0	0	0	0	0	0	0	0	0	0	0	0	0	0	0	0	0	0	0	0	0	0	0	5.01440286544746	0	0	3.2560618354064	0	0	0	0	0	0	0	0	0	0	0	3.07750447369141	0	0	0	0	0	0	0	0	0	0	0	0	0	0	0	0	0	3.17146073716866	0	0	0	0	0	0
"UCHL5"	5.08765153755328	0	0.392452934258128	0	1.52775331996464	0	0	0	0	4.52746274624193	0	0.738598116965023	0.879176864404346	0	0.910330137744119	0.440942122290767	0	1.42809095595211	0	0.893732833882239	0.932398740700351	0	1.21644637370447	2.22559741493674	0	0	0	0	0	0	0	0.302508412014976	0	0	0.689604120938899	0.931054195636641	1.61745741717453	0	1.10601776092023	0	0	0.879176864404346	0	0	0.911356525287103	1.40214102720601	0	0	0	0.687435735108237	0	0	0	0	0	0	0	0	0	0	2.94759220369954	0.87679824705011	0	1.11064968993587	0	0.237251969078418	0	1.7802262201923	0	0.772664026264722	0	0	0	0	0	0	0	0
"VAMP2"	0	0	0	0	0	0	0	0.273429517304825	0	0	0	0.983635695428179	0.690245091784163	0	0.598676009012572	1.36063428602728	0	0	0	0	1.87040163310578	0	0	0	1.39843445414477	1.56310191790513	0.848534553904754	0	7.15094803086892	0	0	0	0.766560139389845	0	0	0.527928626850528	0	0	0	0	0	0.690245091784163	0	0.837315145729161	0.51526539430642	0	0	0	0	0	0	2.46356597150166	0	0	0	1.06330704375462	2.56278237317812	0	0	0.287469065142546	0	0.860067689947946	0	0	0	0	0	1.33662771698584	0	2.03815198767381	0	1.445505141527	0	0	0	0.250644903750807	0.844009885529707	0
"VAMP3"	0.715617181190091	0	0	0	0.97900822890024	0.702228307024496	0	0.913150652326196	0.616027258035644	0	0	0.896703915831553	0	0	1.29344973101772	1.50757165022253	1.71157058775718	0	0	0	0	0	0.541053223126711	1.17886397656839	0	0.427309022890245	0.645940436127888	0	0	0	0	0	0.57976190457754	0	0.396155196082839	0.698960522682099	0.774832330512224	0.641054390109298	1.12995727208264	0.948260616036734	0	0.899604500470097	0	0.353278091142771	0	0	0	0	1.81883775002937	0.704424195088359	0	0	0	0.645940436127888	0	0	0	0	0.611037977064833	0.208553869963133	0	0.897186005357732	0	0	0	0.244072405299085	0	0.442225095035865	0	1.67431567947398	0	0.382872136613543	0	0	0	0	0	0
"WDR7"	0	0	0	0	0	0	0	0	0	0	0	0	0	0	0	0	0	0	0	0	0	0	0	0	0	0	0	0	0	0	0	0	0	0	0	0	0	0	0	0	0	0	0	0	0	0	0	0	0	0	0	0	0	0	0	0	0	0	0	0	0	0	0	0	0	0	0	0	0	0	0	0	0	0	0	0	0	0
"lam"	0	0	0.282398890196235	0	0	0	0	0	0.619026454610908	0	0	0	0	0	0.165625146634192	0	0	0	0	0	0	0	0	1.43050160181036	0	0.85532810378853	0	0.238561378739633	0	0	0	0	0	0	0	0	0.308496257211426	0.170015788563469	0	0	0	0.521421392554074	0	0.246202467577618	0	0	0.49331276457144	0	0	0.707757654251548	0	0	0	0.813541926390245	0.830049269930144	0.14156214421653	0	0	0.436883563373957	0.143141418937183	0	1.54990897905879	0	0.214592445367012	0	0	0	0.566696521103098	0	0	2.05014786402313	0	0	0	0	0	0.809156212498411	0
"largeT"	0	0	1.85208520783261	0	0	0	0	0	0	0	0	0.948852566923049	0	0	0.574866280563776	0.996347882856236	0	0	0	0	0	0	0	0	0	0.551066477945833	0	1.29112643265936	0	0	0	0.721826079302829	0	0	0	0	0	0	0	0	0	0	0	0	0	0	0	0	0	0	0	0	0	0	0	0	0	0	0	1.42167688810949	0	0	0	0.718410950405412	0	0	0	0	0	0	0	1.79109567973535	0	0	0	0	0	0
"p53"	0	0	0	0	0.786676150755803	0	0	0	0	0	0	0.174657716989214	0.403966094011394	0.635147035758334	0.4919225473497	0	0	0	0	0	0	0.801756962423023	0	0	0	0.599114323909356	0.507603559313672	0	0	0	0	0	0	0	0	0	0.614354999867964	0	0.916423289761622	0.548640604975698	0	0.216076311478085	0	0.271628996389099	0	0.325400246832167	0.539904736916946	0	0	0	0	0	0	0	0	0	0	0	0	0.15850321306065	0	0.717164264857848	0	0	0	0	0	1.05054497184702	0	0	0	0.295062649595738	0	0	0	0.262863952333352	6.22292438205161	0
